"datetime","vehicle","kind","lon","lat","on_route"
2018-12-22 18:24:36,"1296",14,NA,NA,0
2018-12-22 19:59:32,"1280",14,NA,NA,0
2018-12-22 04:35:23,"1258",14,NA,NA,0
2018-12-22 04:35:25,"1258",14,NA,NA,0
2018-12-22 04:51:30,"1258",14,NA,NA,0
2018-12-22 04:53:59,"1258",14,NA,NA,0
2018-12-22 05:18:21,"1258",1,NA,NA,0
2018-12-22 05:18:48,"1258",24,NA,NA,0
2018-12-22 05:18:48,"1258",27,NA,NA,0
2018-12-22 05:18:48,"1258",28,NA,NA,0
2018-12-22 05:18:48,"1258",25,NA,NA,0
2018-12-22 05:22:35,"1258",14,NA,NA,0
2018-12-22 05:23:42,"1258",14,NA,NA,0
2018-12-22 05:24:40,"1050",1,NA,NA,0
2018-12-22 05:25:15,"1050",28,NA,NA,0
2018-12-22 05:25:15,"1050",25,NA,NA,0
2018-12-22 05:25:15,"1050",24,NA,NA,0
2018-12-22 05:25:15,"1050",27,NA,NA,0
2018-12-22 05:25:17,"1050",26,NA,NA,0
2018-12-22 05:26:42,"077",1,NA,NA,0
2018-12-22 05:27:03,"077",27,NA,NA,0
2018-12-22 05:27:03,"077",28,NA,NA,0
2018-12-22 05:27:03,"077",24,NA,NA,0
2018-12-22 05:27:03,"077",25,NA,NA,0
2018-12-22 05:36:46,"1270",27,NA,NA,0
2018-12-22 05:36:46,"1270",25,NA,NA,0
2018-12-22 05:36:46,"1270",24,NA,NA,0
2018-12-22 05:36:46,"1270",1,NA,NA,0
2018-12-22 05:36:46,"1270",28,NA,NA,0
2018-12-22 05:37:18,"1258",14,NA,NA,0
2018-12-22 05:44:55,"1280",1,NA,NA,0
2018-12-22 05:44:55,"1280",27,NA,NA,0
2018-12-22 05:44:55,"1280",24,NA,NA,0
2018-12-22 05:44:55,"1280",28,NA,NA,0
2018-12-22 05:44:55,"1280",25,NA,NA,0
2018-12-22 05:47:53,"1280",1,NA,NA,0
2018-12-22 05:48:10,"1280",27,NA,NA,0
2018-12-22 05:48:10,"1280",28,NA,NA,0
2018-12-22 05:48:10,"1280",24,NA,NA,0
2018-12-22 05:48:10,"1280",25,NA,NA,0
2018-12-22 05:49:51,"1258",14,NA,NA,0
2018-12-22 05:51:03,"1258",14,NA,NA,0
2018-12-22 05:51:54,"1258",14,NA,NA,0
2018-12-22 05:53:23,"1258",14,NA,NA,0
2018-12-22 05:53:40,"1258",17,NA,NA,0
2018-12-22 05:53:42,"1270",1,NA,NA,0
2018-12-22 05:54:21,"1050",17,NA,NA,0
2018-12-22 05:54:29,"1270",24,NA,NA,0
2018-12-22 05:54:29,"1270",27,NA,NA,0
2018-12-22 05:54:29,"1270",28,NA,NA,0
2018-12-22 05:54:29,"1270",25,NA,NA,0
2018-12-22 05:56:09,"077",26,NA,NA,0
2018-12-22 05:58:13,"077",28,NA,NA,0
2018-12-22 05:58:13,"077",24,NA,NA,0
2018-12-22 05:58:50,"1258",17,NA,NA,0
2018-12-22 06:01:25,"1258",14,NA,NA,0
2018-12-22 06:03:23,"107",1,NA,NA,0
2018-12-22 06:03:49,"107",24,NA,NA,0
2018-12-22 06:03:49,"107",25,NA,NA,0
2018-12-22 06:03:49,"107",28,NA,NA,0
2018-12-22 06:03:49,"107",27,NA,NA,0
2018-12-22 06:05:08,"107",1,NA,NA,0
2018-12-22 06:05:08,"107",27,NA,NA,0
2018-12-22 06:05:08,"107",28,NA,NA,0
2018-12-22 06:05:08,"107",25,NA,NA,0
2018-12-22 06:05:08,"107",24,NA,NA,0
2018-12-22 06:05:51,"1258",17,NA,NA,0
2018-12-22 06:06:13,"1258",14,NA,NA,0
2018-12-22 06:06:40,"1258",14,NA,NA,0
2018-12-22 06:08:37,"537",1,NA,NA,0
2018-12-22 06:08:37,"537",27,NA,NA,0
2018-12-22 06:08:37,"537",28,NA,NA,0
2018-12-22 06:08:37,"537",24,NA,NA,0
2018-12-22 06:08:37,"537",25,NA,NA,0
2018-12-22 06:09:46,"2288",14,NA,NA,0
2018-12-22 06:13:11,"1258",14,NA,NA,0
2018-12-22 06:14:38,"1268",1,NA,NA,0
2018-12-22 06:15:17,"1268",25,NA,NA,0
2018-12-22 06:15:17,"1268",27,NA,NA,0
2018-12-22 06:15:17,"1268",28,NA,NA,0
2018-12-22 06:15:17,"1268",24,NA,NA,0
2018-12-22 06:17:23,"1280",14,NA,NA,0
2018-12-22 06:17:27,"1270",14,NA,NA,0
2018-12-22 06:17:28,"1270",14,NA,NA,0
2018-12-22 06:21:01,"1258",14,NA,NA,0
2018-12-22 06:25:07,"1258",14,NA,NA,0
2018-12-22 06:28:46,"1270",17,NA,NA,0
2018-12-22 06:28:48,"1270",14,NA,NA,0
2018-12-22 06:29:02,"1270",14,NA,NA,0
2018-12-22 06:29:44,"1258",14,NA,NA,0
2018-12-22 06:32:06,"1280",14,NA,NA,0
2018-12-22 06:33:11,"1258",14,NA,NA,0
2018-12-22 06:33:23,"1270",21,NA,NA,0
2018-12-22 06:34:26,"1270",17,NA,NA,0
2018-12-22 06:34:58,"537",1,NA,NA,0
2018-12-22 06:34:59,"2288",17,NA,NA,0
2018-12-22 06:35:01,"1270",14,NA,NA,0
2018-12-22 06:35:06,"1258",17,NA,NA,0
2018-12-22 06:35:13,"2288",14,NA,NA,0
2018-12-22 06:36:05,"1258",14,NA,NA,0
2018-12-22 06:36:49,"1258",17,NA,NA,0
2018-12-22 06:40:20,"1258",14,NA,NA,0
2018-12-22 06:40:34,"537",28,NA,NA,0
2018-12-22 06:40:34,"537",27,NA,NA,0
2018-12-22 06:40:34,"537",25,NA,NA,0
2018-12-22 06:40:34,"537",24,NA,NA,0
2018-12-22 06:43:14,"1280",14,NA,NA,0
2018-12-22 06:44:55,"1258",14,NA,NA,0
2018-12-22 06:48:03,"1258",17,NA,NA,0
2018-12-22 06:48:15,"537",17,NA,NA,0
2018-12-22 06:48:20,"537",17,NA,NA,0
2018-12-22 06:48:49,"1258",14,NA,NA,0
2018-12-22 06:49:32,"1280",14,NA,NA,0
2018-12-22 06:49:33,"1280",14,NA,NA,0
2018-12-22 06:49:42,"1280",14,NA,NA,0
2018-12-22 06:51:54,"1258",14,NA,NA,0
2018-12-22 06:54:40,"1258",14,NA,NA,0
2018-12-22 06:55:24,"1258",14,NA,NA,0
2018-12-22 06:58:18,"1270",17,NA,NA,0
2018-12-22 06:58:25,"1270",17,NA,NA,0
2018-12-22 06:59:27,"1270",14,NA,NA,0
2018-12-22 06:59:42,"1270",14,NA,NA,0
2018-12-22 06:59:43,"1270",14,NA,NA,0
2018-12-22 07:00:34,"1280",14,NA,NA,0
2018-12-22 07:01:31,"537",17,NA,NA,0
2018-12-22 07:01:38,"1270",16,NA,NA,0
2018-12-22 07:02:18,"1258",14,NA,NA,0
2018-12-22 07:02:19,"1258",14,NA,NA,0
2018-12-22 07:02:56,"1270",14,NA,NA,0
2018-12-22 07:04:50,"2073",1,NA,NA,0
2018-12-22 07:05:27,"2073",25,NA,NA,0
2018-12-22 07:05:27,"2073",24,NA,NA,0
2018-12-22 07:05:27,"2073",27,NA,NA,0
2018-12-22 07:05:27,"2073",28,NA,NA,0
2018-12-22 07:05:27,"1258",14,NA,NA,0
2018-12-22 07:05:48,"1270",17,NA,NA,0
2018-12-22 07:06:55,"1270",17,NA,NA,0
2018-12-22 07:08:15,"1270",14,NA,NA,0
2018-12-22 07:08:35,"1280",14,NA,NA,0
2018-12-22 07:08:43,"1258",14,NA,NA,0
2018-12-22 07:09:53,"537",14,NA,NA,0
2018-12-22 07:11:06,"1270",14,NA,NA,0
2018-12-22 07:11:29,"1258",14,NA,NA,0
2018-12-22 07:12:14,"1270",14,NA,NA,0
2018-12-22 07:12:21,"1270",14,NA,NA,0
2018-12-22 07:14:28,"1280",14,NA,NA,0
2018-12-22 07:15:47,"1280",17,NA,NA,0
2018-12-22 07:15:53,"537",14,NA,NA,0
2018-12-22 07:16:33,"1258",14,NA,NA,0
2018-12-22 07:16:46,"1280",17,NA,NA,0
2018-12-22 07:16:48,"1258",14,NA,NA,0
2018-12-22 07:16:49,"1258",14,NA,NA,0
2018-12-22 07:16:50,"1258",14,NA,NA,0
2018-12-22 07:16:54,"1280",14,NA,NA,0
2018-12-22 07:17:24,"1258",14,NA,NA,0
2018-12-22 07:17:40,"1258",14,NA,NA,0
2018-12-22 07:17:44,"1280",14,NA,NA,0
2018-12-22 07:17:47,"1280",14,NA,NA,0
2018-12-22 07:17:55,"1258",14,NA,NA,0
2018-12-22 07:19:32,"1296",1,NA,NA,0
2018-12-22 07:21:31,"1258",14,NA,NA,0
2018-12-22 07:21:37,"1258",14,NA,NA,0
2018-12-22 07:23:45,"1258",14,NA,NA,0
2018-12-22 07:24:43,"1280",14,NA,NA,0
2018-12-22 07:30:56,"1296",27,NA,NA,0
2018-12-22 07:30:56,"1296",25,NA,NA,0
2018-12-22 07:30:56,"1296",24,NA,NA,0
2018-12-22 07:30:56,"1296",28,NA,NA,0
2018-12-22 07:31:30,"107",14,NA,NA,0
2018-12-22 07:31:37,"1280",17,NA,NA,0
2018-12-22 07:32:03,"1280",14,NA,NA,0
2018-12-22 07:32:13,"1280",14,NA,NA,0
2018-12-22 07:32:46,"2073",26,NA,NA,0
2018-12-22 07:32:46,"1258",17,NA,NA,0
2018-12-22 07:33:23,"1258",14,NA,NA,0
2018-12-22 07:33:36,"1258",14,NA,NA,0
2018-12-22 07:33:44,"1258",14,NA,NA,0
2018-12-22 07:33:47,"1258",14,NA,NA,0
2018-12-22 07:34:33,"1258",14,NA,NA,0
2018-12-22 07:35:37,"1258",17,NA,NA,0
2018-12-22 07:37:55,"1258",14,NA,NA,0
2018-12-22 07:38:04,"1258",14,NA,NA,0
2018-12-22 07:38:15,"107",17,NA,NA,0
2018-12-22 07:38:20,"1258",17,NA,NA,0
2018-12-22 07:38:20,"107",17,NA,NA,0
2018-12-22 07:38:55,"1258",14,NA,NA,0
2018-12-22 07:39:02,"1258",14,NA,NA,0
2018-12-22 07:39:10,"1258",14,NA,NA,0
2018-12-22 07:39:19,"1258",14,NA,NA,0
2018-12-22 07:39:30,"537",17,NA,NA,0
2018-12-22 07:39:30,"1258",14,NA,NA,0
2018-12-22 07:39:36,"537",17,NA,NA,0
2018-12-22 07:39:37,"1258",14,NA,NA,0
2018-12-22 07:39:51,"1258",14,NA,NA,0
2018-12-22 07:39:52,"1258",14,NA,NA,0
2018-12-22 07:40:00,"1258",14,NA,NA,0
2018-12-22 07:40:32,"1258",14,NA,NA,0
2018-12-22 07:40:35,"537",14,NA,NA,0
2018-12-22 07:40:39,"537",14,NA,NA,0
2018-12-22 07:40:43,"537",14,NA,NA,0
2018-12-22 07:40:43,"1258",14,NA,NA,0
2018-12-22 07:40:52,"537",14,NA,NA,0
2018-12-22 07:41:45,"1270",17,NA,NA,0
2018-12-22 07:42:23,"1258",14,NA,NA,0
2018-12-22 07:42:24,"1258",14,NA,NA,0
2018-12-22 07:42:29,"1280",32,NA,NA,0
2018-12-22 07:42:41,"1258",14,NA,NA,0
2018-12-22 07:43:54,"1258",14,NA,NA,0
2018-12-22 07:43:56,"1258",14,NA,NA,0
2018-12-22 07:44:06,"1270",14,NA,NA,0
2018-12-22 07:44:26,"1258",14,NA,NA,0
2018-12-22 07:44:29,"1258",14,NA,NA,0
2018-12-22 07:44:39,"2288",14,NA,NA,0
2018-12-22 07:44:39,"1258",14,NA,NA,0
2018-12-22 07:45:17,"1296",14,NA,NA,0
2018-12-22 07:45:28,"1296",14,NA,NA,0
2018-12-22 07:45:34,"1296",17,NA,NA,0
2018-12-22 07:45:43,"1296",14,NA,NA,0
2018-12-22 07:46:00,"1258",14,NA,NA,0
2018-12-22 07:47:43,"537",14,NA,NA,0
2018-12-22 07:48:32,"1258",14,NA,NA,0
2018-12-22 07:48:37,"2073",25,NA,NA,0
2018-12-22 07:48:56,"537",14,NA,NA,0
2018-12-22 07:49:18,"1258",17,NA,NA,0
2018-12-22 07:49:22,"1296",17,NA,NA,0
2018-12-22 07:49:23,"1258",17,NA,NA,0
2018-12-22 07:49:25,"1050",14,NA,NA,0
2018-12-22 07:49:32,"1296",14,NA,NA,0
2018-12-22 07:49:33,"1050",14,NA,NA,0
2018-12-22 07:49:38,"1258",14,NA,NA,0
2018-12-22 07:50:41,"1296",14,NA,NA,0
2018-12-22 07:50:53,"1296",14,NA,NA,0
2018-12-22 07:50:59,"1296",14,NA,NA,0
2018-12-22 07:51:15,"1296",14,NA,NA,0
2018-12-22 07:51:22,"2288",14,NA,NA,0
2018-12-22 07:51:23,"1296",14,NA,NA,0
2018-12-22 07:51:34,"1258",14,NA,NA,0
2018-12-22 07:51:36,"1296",14,NA,NA,0
2018-12-22 07:51:44,"1258",14,NA,NA,0
2018-12-22 07:52:02,"1296",17,NA,NA,0
2018-12-22 07:52:24,"1258",17,NA,NA,0
2018-12-22 07:52:40,"1296",14,NA,NA,0
2018-12-22 07:52:40,"1258",17,NA,NA,0
2018-12-22 07:52:52,"1258",14,NA,NA,0
2018-12-22 07:53:00,"1258",14,NA,NA,0
2018-12-22 07:53:05,"1258",17,NA,NA,0
2018-12-22 07:53:23,"1258",14,NA,NA,0
2018-12-22 07:53:29,"2073",14,NA,NA,0
2018-12-22 07:53:46,"1296",14,NA,NA,0
2018-12-22 07:53:52,"1296",14,NA,NA,0
2018-12-22 07:53:54,"1258",14,NA,NA,0
2018-12-22 07:54:09,"1296",14,NA,NA,0
2018-12-22 07:54:53,"1296",14,NA,NA,0
2018-12-22 07:54:58,"2073",26,NA,NA,0
2018-12-22 07:55:56,"1270",14,NA,NA,0
2018-12-22 07:56:10,"1258",17,NA,NA,0
2018-12-22 07:56:22,"537",14,NA,NA,0
2018-12-22 07:56:33,"537",14,NA,NA,0
2018-12-22 07:56:37,"1280",14,NA,NA,0
2018-12-22 07:56:41,"1296",14,NA,NA,0
2018-12-22 07:57:53,"1296",17,NA,NA,0
2018-12-22 07:58:46,"1258",14,NA,NA,0
2018-12-22 08:00:46,"1280",17,NA,NA,0
2018-12-22 08:00:48,"1258",17,NA,NA,0
2018-12-22 08:00:49,"1270",14,NA,NA,0
2018-12-22 08:01:25,"1296",14,NA,NA,0
2018-12-22 08:01:47,"1258",32,NA,NA,0
2018-12-22 08:02:19,"107",14,NA,NA,0
2018-12-22 08:02:23,"537",14,NA,NA,0
2018-12-22 08:03:48,"1270",14,NA,NA,0
2018-12-22 08:04:06,"1280",17,NA,NA,0
2018-12-22 08:05:11,"1296",14,NA,NA,0
2018-12-22 08:05:18,"537",14,NA,NA,0
2018-12-22 08:06:21,"1258",17,NA,NA,0
2018-12-22 08:06:25,"1280",14,NA,NA,0
2018-12-22 08:06:49,"1296",14,NA,NA,0
2018-12-22 08:06:55,"1296",14,NA,NA,0
2018-12-22 08:07:01,"1296",14,NA,NA,0
2018-12-22 08:07:02,"1258",14,NA,NA,0
2018-12-22 08:07:06,"1280",14,NA,NA,0
2018-12-22 08:07:09,"1296",14,NA,NA,0
2018-12-22 08:07:39,"1296",14,NA,NA,0
2018-12-22 08:08:44,"1258",14,NA,NA,0
2018-12-22 08:08:56,"1258",14,NA,NA,0
2018-12-22 08:09:03,"1258",14,NA,NA,0
2018-12-22 08:09:09,"1280",17,NA,NA,0
2018-12-22 08:09:34,"537",14,NA,NA,0
2018-12-22 08:10:36,"1280",14,NA,NA,0
2018-12-22 08:10:56,"1258",14,NA,NA,0
2018-12-22 08:11:05,"1296",14,NA,NA,0
2018-12-22 08:11:13,"2288",14,NA,NA,0
2018-12-22 08:11:15,"1258",14,NA,NA,0
2018-12-22 08:11:39,"1258",14,NA,NA,0
2018-12-22 08:11:45,"1258",14,NA,NA,0
2018-12-22 08:11:57,"537",14,NA,NA,0
2018-12-22 08:12:31,"1050",14,NA,NA,0
2018-12-22 08:13:12,"1296",14,NA,NA,0
2018-12-22 08:14:31,"1296",17,NA,NA,0
2018-12-22 08:14:37,"1296",14,NA,NA,0
2018-12-22 08:14:50,"537",14,NA,NA,0
2018-12-22 08:16:26,"1258",17,NA,NA,0
2018-12-22 08:16:47,"107",14,NA,NA,0
2018-12-22 08:17:07,"1258",17,NA,NA,0
2018-12-22 08:17:08,"107",14,NA,NA,0
2018-12-22 08:17:27,"1258",14,NA,NA,0
2018-12-22 08:17:44,"1258",14,NA,NA,0
2018-12-22 08:17:59,"1258",14,NA,NA,0
2018-12-22 08:18:17,"1258",14,NA,NA,0
2018-12-22 08:18:18,"1258",14,NA,NA,0
2018-12-22 08:18:50,"537",17,NA,NA,0
2018-12-22 08:18:55,"537",17,NA,NA,0
2018-12-22 08:19:13,"1258",14,NA,NA,0
2018-12-22 08:21:01,"1258",14,NA,NA,0
2018-12-22 08:21:42,"1270",17,NA,NA,0
2018-12-22 08:22:13,"537",17,NA,NA,0
2018-12-22 08:23:57,"1258",14,NA,NA,0
2018-12-22 08:24:28,"1258",17,NA,NA,0
2018-12-22 08:24:33,"1258",17,NA,NA,0
2018-12-22 08:24:36,"1270",14,NA,NA,0
2018-12-22 08:25:37,"1258",14,NA,NA,0
2018-12-22 08:25:49,"1296",1,NA,NA,0
2018-12-22 08:25:49,"1296",24,NA,NA,0
2018-12-22 08:25:49,"1296",25,NA,NA,0
2018-12-22 08:25:49,"1296",27,NA,NA,0
2018-12-22 08:25:49,"1296",28,NA,NA,0
2018-12-22 08:27:38,"1258",14,NA,NA,0
2018-12-22 08:28:17,"1258",14,NA,NA,0
2018-12-22 08:30:11,"1258",14,NA,NA,0
2018-12-22 08:30:27,"1296",14,NA,NA,0
2018-12-22 08:30:31,"1258",14,NA,NA,0
2018-12-22 08:30:43,"1258",14,NA,NA,0
2018-12-22 08:30:52,"1296",14,NA,NA,0
2018-12-22 08:30:55,"1296",14,NA,NA,0
2018-12-22 08:31:06,"1296",14,NA,NA,0
2018-12-22 08:31:10,"2288",14,NA,NA,0
2018-12-22 08:31:11,"1296",14,NA,NA,0
2018-12-22 08:31:15,"1296",14,NA,NA,0
2018-12-22 08:31:22,"1296",14,NA,NA,0
2018-12-22 08:31:32,"1296",14,NA,NA,0
2018-12-22 08:31:34,"1296",17,NA,NA,0
2018-12-22 08:32:04,"1258",14,NA,NA,0
2018-12-22 08:32:08,"1258",17,NA,NA,0
2018-12-22 08:32:17,"1258",14,NA,NA,0
2018-12-22 08:32:24,"1258",14,NA,NA,0
2018-12-22 08:32:25,"2288",14,NA,NA,0
2018-12-22 08:32:40,"1296",17,NA,NA,0
2018-12-22 08:32:42,"1258",14,NA,NA,0
2018-12-22 08:32:55,"1258",14,NA,NA,0
2018-12-22 08:32:57,"1296",14,NA,NA,0
2018-12-22 08:33:48,"1258",17,NA,NA,0
2018-12-22 08:33:57,"1258",14,NA,NA,0
2018-12-22 08:34:23,"1258",14,NA,NA,0
2018-12-22 08:34:25,"1258",14,NA,NA,0
2018-12-22 08:34:32,"1258",14,NA,NA,0
2018-12-22 08:34:35,"1296",17,NA,NA,0
2018-12-22 08:34:39,"1296",14,NA,NA,0
2018-12-22 08:34:48,"1296",14,NA,NA,0
2018-12-22 08:35:03,"1296",17,NA,NA,0
2018-12-22 08:35:08,"1296",17,NA,NA,0
2018-12-22 08:35:09,"1296",14,NA,NA,0
2018-12-22 08:35:10,"1258",14,NA,NA,0
2018-12-22 08:35:25,"1258",14,NA,NA,0
2018-12-22 08:35:37,"1296",14,NA,NA,0
2018-12-22 08:35:41,"1296",14,NA,NA,0
2018-12-22 08:35:43,"1258",14,NA,NA,0
2018-12-22 08:35:46,"1258",14,NA,NA,0
2018-12-22 08:35:56,"1296",14,NA,NA,0
2018-12-22 08:36:03,"1258",14,NA,NA,0
2018-12-22 08:36:04,"1296",14,NA,NA,0
2018-12-22 08:36:12,"1258",14,NA,NA,0
2018-12-22 08:36:18,"1258",17,NA,NA,0
2018-12-22 08:36:33,"1258",14,NA,NA,0
2018-12-22 08:36:52,"2288",14,NA,NA,0
2018-12-22 08:37:10,"1296",14,NA,NA,0
2018-12-22 08:37:11,"1258",14,NA,NA,0
2018-12-22 08:37:25,"1296",14,NA,NA,0
2018-12-22 08:37:44,"1296",14,NA,NA,0
2018-12-22 08:38:22,"1258",14,NA,NA,0
2018-12-22 08:38:44,"1258",14,NA,NA,0
2018-12-22 08:38:45,"1258",14,NA,NA,0
2018-12-22 08:38:51,"1296",14,NA,NA,0
2018-12-22 08:38:52,"1258",14,NA,NA,0
2018-12-22 08:38:56,"1296",14,NA,NA,0
2018-12-22 08:39:03,"1258",14,NA,NA,0
2018-12-22 08:39:13,"1258",14,NA,NA,0
2018-12-22 08:39:22,"1296",32,NA,NA,0
2018-12-22 08:39:28,"1296",14,NA,NA,0
2018-12-22 08:39:34,"1296",14,NA,NA,0
2018-12-22 08:39:36,"1258",14,NA,NA,0
2018-12-22 08:39:41,"1296",14,NA,NA,0
2018-12-22 08:39:47,"2288",14,NA,NA,0
2018-12-22 08:39:56,"1258",14,NA,NA,0
2018-12-22 08:40:04,"1296",14,NA,NA,0
2018-12-22 08:40:07,"1296",14,NA,NA,0
2018-12-22 08:40:09,"1296",14,NA,NA,0
2018-12-22 08:40:14,"1258",14,NA,NA,0
2018-12-22 08:40:18,"1296",16,NA,NA,0
2018-12-22 08:40:20,"537",17,NA,NA,0
2018-12-22 08:40:21,"1296",14,NA,NA,0
2018-12-22 08:40:23,"1296",14,NA,NA,0
2018-12-22 08:40:31,"1296",14,NA,NA,0
2018-12-22 08:40:46,"1296",14,NA,NA,0
2018-12-22 08:40:51,"1270",14,NA,NA,0
2018-12-22 08:41:13,"1296",14,NA,NA,0
2018-12-22 08:41:28,"1296",14,NA,NA,0
2018-12-22 08:41:43,"1258",14,NA,NA,0
2018-12-22 08:41:54,"1270",14,NA,NA,0
2018-12-22 08:41:59,"1258",14,NA,NA,0
2018-12-22 08:42:12,"1296",17,NA,NA,0
2018-12-22 08:42:16,"1296",14,NA,NA,0
2018-12-22 08:42:22,"1296",14,NA,NA,0
2018-12-22 08:42:30,"1270",14,NA,NA,0
2018-12-22 08:42:41,"1270",14,NA,NA,0
2018-12-22 08:43:13,"1258",14,NA,NA,0
2018-12-22 08:43:19,"1296",17,NA,NA,0
2018-12-22 08:43:45,"1258",14,NA,NA,0
2018-12-22 08:44:00,"2288",14,NA,NA,0
2018-12-22 08:45:05,"1296",14,NA,NA,0
2018-12-22 08:45:11,"1296",14,NA,NA,0
2018-12-22 08:45:21,"1296",14,NA,NA,0
2018-12-22 08:45:36,"1296",14,NA,NA,0
2018-12-22 08:45:51,"1296",14,NA,NA,0
2018-12-22 08:46:07,"1296",14,NA,NA,0
2018-12-22 08:46:09,"1296",14,NA,NA,0
2018-12-22 08:46:28,"1296",14,NA,NA,0
2018-12-22 08:46:46,"1296",14,NA,NA,0
2018-12-22 08:46:54,"1280",17,NA,NA,0
2018-12-22 08:46:58,"1296",14,NA,NA,0
2018-12-22 08:47:16,"1296",14,NA,NA,0
2018-12-22 08:47:44,"1296",14,NA,NA,0
2018-12-22 08:47:44,"2288",17,NA,NA,0
2018-12-22 08:47:59,"1270",14,NA,NA,0
2018-12-22 08:48:12,"1296",14,NA,NA,0
2018-12-22 08:48:30,"1296",14,NA,NA,0
2018-12-22 08:48:36,"1296",14,NA,NA,0
2018-12-22 08:48:50,"2288",14,NA,NA,0
2018-12-22 08:49:14,"537",14,NA,NA,0
2018-12-22 08:49:14,"1296",14,NA,NA,0
2018-12-22 08:49:24,"1270",14,NA,NA,0
2018-12-22 08:49:28,"1280",17,NA,NA,0
2018-12-22 08:49:42,"1258",17,NA,NA,0
2018-12-22 08:49:50,"1296",14,NA,NA,0
2018-12-22 08:50:12,"1280",14,NA,NA,0
2018-12-22 08:51:22,"537",17,NA,NA,0
2018-12-22 08:52:31,"1258",14,NA,NA,0
2018-12-22 08:52:32,"1258",14,NA,NA,0
2018-12-22 08:52:45,"1258",14,NA,NA,0
2018-12-22 08:52:46,"1270",14,NA,NA,0
2018-12-22 08:52:48,"1258",17,NA,NA,0
2018-12-22 08:52:54,"1270",14,NA,NA,0
2018-12-22 08:52:59,"1296",17,NA,NA,0
2018-12-22 08:53:04,"1280",14,NA,NA,0
2018-12-22 08:53:10,"1296",32,NA,NA,0
2018-12-22 08:53:22,"1280",14,NA,NA,0
2018-12-22 08:53:35,"1296",14,NA,NA,0
2018-12-22 08:53:44,"1270",14,NA,NA,0
2018-12-22 08:54:03,"1270",14,NA,NA,0
2018-12-22 08:54:38,"1258",14,NA,NA,0
2018-12-22 08:55:10,"1258",14,NA,NA,0
2018-12-22 08:56:18,"1270",14,NA,NA,0
2018-12-22 08:56:25,"1258",14,NA,NA,0
2018-12-22 08:56:27,"1280",17,NA,NA,0
2018-12-22 08:57:29,"1270",14,NA,NA,0
2018-12-22 08:57:53,"537",32,NA,NA,0
2018-12-22 08:57:59,"537",32,NA,NA,0
2018-12-22 08:58:39,"2288",14,NA,NA,0
2018-12-22 08:58:48,"1258",17,NA,NA,0
2018-12-22 08:58:52,"1270",14,NA,NA,0
2018-12-22 08:59:31,"1268",14,NA,NA,0
2018-12-22 08:59:38,"1296",14,NA,NA,0
2018-12-22 09:00:22,"1258",14,NA,NA,0
2018-12-22 09:01:12,"1296",17,NA,NA,0
2018-12-22 09:01:38,"1258",14,NA,NA,0
2018-12-22 09:03:16,"1296",14,NA,NA,0
2018-12-22 09:03:30,"1270",14,NA,NA,0
2018-12-22 09:04:12,"1258",17,NA,NA,0
2018-12-22 09:04:13,"537",17,NA,NA,0
2018-12-22 09:04:17,"1258",17,NA,NA,0
2018-12-22 09:05:19,"1280",14,NA,NA,0
2018-12-22 09:05:21,"1280",14,NA,NA,0
2018-12-22 09:05:50,"1296",14,NA,NA,0
2018-12-22 09:07:03,"107",14,NA,NA,0
2018-12-22 09:07:13,"107",14,NA,NA,0
2018-12-22 09:07:19,"1258",14,NA,NA,0
2018-12-22 09:07:44,"1296",14,NA,NA,0
2018-12-22 09:08:28,"1270",14,NA,NA,0
2018-12-22 09:09:09,"1280",14,NA,NA,0
2018-12-22 09:14:05,"1280",17,NA,NA,0
2018-12-22 09:14:28,"1258",14,NA,NA,0
2018-12-22 09:14:29,"1296",14,NA,NA,0
2018-12-22 09:14:30,"1258",14,NA,NA,0
2018-12-22 09:14:50,"1296",14,NA,NA,0
2018-12-22 09:14:51,"1296",14,NA,NA,0
2018-12-22 09:15:28,"1296",14,NA,NA,0
2018-12-22 09:16:41,"1258",14,NA,NA,0
2018-12-22 09:16:49,"1258",14,NA,NA,0
2018-12-22 09:16:57,"1258",14,NA,NA,0
2018-12-22 09:17:15,"1258",17,NA,NA,0
2018-12-22 09:18:01,"1258",14,NA,NA,0
2018-12-22 09:18:13,"1296",14,NA,NA,0
2018-12-22 09:19:34,"1270",26,NA,NA,0
2018-12-22 09:20:43,"1258",14,NA,NA,0
2018-12-22 09:21:20,"537",14,NA,NA,0
2018-12-22 09:22:04,"1258",17,NA,NA,0
2018-12-22 09:22:26,"1258",14,NA,NA,0
2018-12-22 09:22:29,"537",14,NA,NA,0
2018-12-22 09:22:43,"537",14,NA,NA,0
2018-12-22 09:22:45,"537",14,NA,NA,0
2018-12-22 09:22:52,"537",17,NA,NA,0
2018-12-22 09:23:20,"1258",14,NA,NA,0
2018-12-22 09:23:39,"1258",17,NA,NA,0
2018-12-22 09:23:46,"1258",17,NA,NA,0
2018-12-22 09:23:49,"1296",14,NA,NA,0
2018-12-22 09:24:33,"537",14,NA,NA,0
2018-12-22 09:24:34,"1258",14,NA,NA,0
2018-12-22 09:24:47,"1258",14,NA,NA,0
2018-12-22 09:25:07,"1258",14,NA,NA,0
2018-12-22 09:25:15,"1258",14,NA,NA,0
2018-12-22 09:25:25,"1258",14,NA,NA,0
2018-12-22 09:25:26,"1258",14,NA,NA,0
2018-12-22 09:26:07,"537",17,NA,NA,0
2018-12-22 09:26:11,"1296",17,NA,NA,0
2018-12-22 09:26:46,"1296",14,NA,NA,0
2018-12-22 09:26:49,"1258",14,NA,NA,0
2018-12-22 09:28:44,"537",17,NA,NA,0
2018-12-22 09:28:53,"1296",17,NA,NA,0
2018-12-22 09:28:59,"1296",14,NA,NA,0
2018-12-22 09:29:01,"537",17,NA,NA,0
2018-12-22 09:29:03,"1258",17,NA,NA,0
2018-12-22 09:29:05,"1296",17,NA,NA,0
2018-12-22 09:29:09,"1296",14,NA,NA,0
2018-12-22 09:29:18,"1296",14,NA,NA,0
2018-12-22 09:29:20,"1296",14,NA,NA,0
2018-12-22 09:29:50,"1258",14,NA,NA,0
2018-12-22 09:29:57,"1296",14,NA,NA,0
2018-12-22 09:30:03,"1280",32,NA,NA,0
2018-12-22 09:30:06,"1296",14,NA,NA,0
2018-12-22 09:30:13,"1258",14,NA,NA,0
2018-12-22 09:30:18,"1296",14,NA,NA,0
2018-12-22 09:30:28,"1280",14,NA,NA,0
2018-12-22 09:30:30,"537",14,NA,NA,0
2018-12-22 09:30:35,"537",14,NA,NA,0
2018-12-22 09:30:42,"1296",14,NA,NA,0
2018-12-22 09:30:46,"537",14,NA,NA,0
2018-12-22 09:30:48,"1280",14,NA,NA,0
2018-12-22 09:30:53,"1280",14,NA,NA,0
2018-12-22 09:31:01,"537",14,NA,NA,0
2018-12-22 09:31:03,"1296",14,NA,NA,0
2018-12-22 09:31:04,"1296",14,NA,NA,0
2018-12-22 09:31:35,"1258",14,NA,NA,0
2018-12-22 11:25:34,"1296",14,NA,NA,0
2018-12-22 09:31:44,"1258",14,NA,NA,0
2018-12-22 09:31:49,"1296",14,NA,NA,0
2018-12-22 09:31:52,"1296",17,NA,NA,0
2018-12-22 09:31:53,"537",14,NA,NA,0
2018-12-22 09:31:57,"1258",14,NA,NA,0
2018-12-22 09:32:01,"1296",14,NA,NA,0
2018-12-22 09:32:02,"1258",14,NA,NA,0
2018-12-22 09:32:08,"537",14,NA,NA,0
2018-12-22 09:32:13,"1258",14,NA,NA,0
2018-12-22 09:32:16,"537",14,NA,NA,0
2018-12-22 09:32:23,"1258",14,NA,NA,0
2018-12-22 09:32:24,"1258",14,NA,NA,0
2018-12-22 09:32:25,"537",14,NA,NA,0
2018-12-22 09:32:26,"1296",14,NA,NA,0
2018-12-22 09:32:30,"537",14,NA,NA,0
2018-12-22 09:32:39,"1258",14,NA,NA,0
2018-12-22 09:32:42,"1258",14,NA,NA,0
2018-12-22 09:33:04,"1258",14,NA,NA,0
2018-12-22 09:33:05,"2288",26,NA,NA,0
2018-12-22 09:33:13,"2288",2,NA,NA,0
2018-12-22 09:39:09,"1258",14,NA,NA,0
2018-12-22 09:39:21,"1258",14,NA,NA,0
2018-12-22 09:39:27,"1258",17,NA,NA,0
2018-12-22 09:41:30,"1258",14,NA,NA,0
2018-12-22 09:41:34,"1258",14,NA,NA,0
2018-12-22 09:41:43,"1258",14,NA,NA,0
2018-12-22 09:41:51,"1296",14,NA,NA,0
2018-12-22 09:41:53,"1296",17,NA,NA,0
2018-12-22 09:41:55,"1296",17,NA,NA,0
2018-12-22 09:42:06,"1258",14,NA,NA,0
2018-12-22 09:42:28,"1296",14,NA,NA,0
2018-12-22 09:42:41,"1296",14,NA,NA,0
2018-12-22 09:42:50,"1296",14,NA,NA,0
2018-12-22 09:42:57,"1258",17,NA,NA,0
2018-12-22 09:43:02,"1296",14,NA,NA,0
2018-12-22 09:43:04,"1296",14,NA,NA,0
2018-12-22 09:43:04,"1258",17,NA,NA,0
2018-12-22 09:43:13,"086",24,NA,NA,0
2018-12-22 09:43:13,"086",25,NA,NA,0
2018-12-22 09:43:13,"086",27,NA,NA,0
2018-12-22 09:43:13,"086",1,NA,NA,0
2018-12-22 09:43:13,"086",28,NA,NA,0
2018-12-22 09:43:14,"1296",14,NA,NA,0
2018-12-22 09:43:18,"1296",14,NA,NA,0
2018-12-22 09:43:23,"1258",17,NA,NA,0
2018-12-22 09:43:32,"1258",14,NA,NA,0
2018-12-22 09:44:11,"1280",14,NA,NA,0
2018-12-22 09:44:19,"1258",14,NA,NA,0
2018-12-22 09:44:20,"1258",14,NA,NA,0
2018-12-22 09:44:33,"1258",14,NA,NA,0
2018-12-22 09:44:33,"1280",14,NA,NA,0
2018-12-22 09:44:56,"1258",14,NA,NA,0
2018-12-22 09:45:06,"1296",14,NA,NA,0
2018-12-22 09:33:39,"1258",14,NA,NA,0
2018-12-22 09:33:47,"1296",14,NA,NA,0
2018-12-22 09:45:28,"1258",14,NA,NA,0
2018-12-22 09:45:39,"1258",14,NA,NA,0
2018-12-22 09:45:51,"1258",14,NA,NA,0
2018-12-22 09:46:22,"1280",14,NA,NA,0
2018-12-22 09:46:31,"1280",14,NA,NA,0
2018-12-22 09:46:33,"1280",14,NA,NA,0
2018-12-22 09:46:50,"1296",17,NA,NA,0
2018-12-22 09:47:04,"1296",14,NA,NA,0
2018-12-22 09:47:20,"1280",14,NA,NA,0
2018-12-22 09:47:27,"537",14,NA,NA,0
2018-12-22 09:47:27,"1296",14,NA,NA,0
2018-12-22 09:47:29,"537",14,NA,NA,0
2018-12-22 09:47:31,"1280",14,NA,NA,0
2018-12-22 09:47:46,"1296",17,NA,NA,0
2018-12-22 09:47:46,"537",14,NA,NA,0
2018-12-22 09:48:06,"537",14,NA,NA,0
2018-12-22 09:48:07,"1296",14,NA,NA,0
2018-12-22 09:48:23,"1296",14,NA,NA,0
2018-12-22 09:34:01,"1296",17,NA,NA,0
2018-12-22 09:49:13,"1296",14,NA,NA,0
2018-12-22 09:49:33,"537",17,NA,NA,0
2018-12-22 09:50:46,"1258",14,NA,NA,0
2018-12-22 09:51:07,"1280",14,NA,NA,0
2018-12-22 09:51:08,"1280",14,NA,NA,0
2018-12-22 09:51:25,"1280",17,NA,NA,0
2018-12-22 09:51:31,"1280",14,NA,NA,0
2018-12-22 09:34:09,"1280",17,NA,NA,0
2018-12-22 09:54:03,"1296",14,NA,NA,0
2018-12-22 09:54:05,"1296",14,NA,NA,0
2018-12-22 09:54:49,"1296",14,NA,NA,0
2018-12-22 09:55:35,"1280",14,NA,NA,0
2018-12-22 09:55:39,"1296",14,NA,NA,0
2018-12-22 09:56:01,"1280",14,NA,NA,0
2018-12-22 09:56:04,"1280",17,NA,NA,0
2018-12-22 09:56:04,"1296",14,NA,NA,0
2018-12-22 09:56:08,"537",17,NA,NA,0
2018-12-22 09:56:59,"537",14,NA,NA,0
2018-12-22 09:57:17,"537",14,NA,NA,0
2018-12-22 09:57:27,"537",14,NA,NA,0
2018-12-22 09:57:34,"1296",14,NA,NA,0
2018-12-22 09:58:11,"537",14,NA,NA,0
2018-12-22 09:58:11,"1258",17,NA,NA,0
2018-12-22 09:58:37,"2073",24,NA,NA,0
2018-12-22 09:58:37,"2073",28,NA,NA,0
2018-12-22 09:59:44,"1280",14,NA,NA,0
2018-12-22 09:59:53,"1280",14,NA,NA,0
2018-12-22 10:02:38,"1258",26,NA,NA,0
2018-12-22 10:02:39,"1258",2,NA,NA,0
2018-12-22 09:34:37,"537",14,NA,NA,0
2018-12-22 09:34:38,"1296",14,NA,NA,0
2018-12-22 10:03:37,"537",17,NA,NA,0
2018-12-22 09:34:40,"107",14,NA,NA,0
2018-12-22 10:05:20,"537",14,NA,NA,0
2018-12-22 10:05:22,"537",14,NA,NA,0
2018-12-22 10:05:37,"1280",14,NA,NA,0
2018-12-22 09:34:42,"1296",14,NA,NA,0
2018-12-22 10:05:43,"1280",14,NA,NA,0
2018-12-22 10:06:06,"537",14,NA,NA,0
2018-12-22 10:06:48,"1258",26,NA,NA,0
2018-12-22 10:06:54,"1258",2,NA,NA,0
2018-12-22 09:34:43,"537",14,NA,NA,0
2018-12-22 10:10:10,"537",14,NA,NA,0
2018-12-22 10:10:58,"1296",14,NA,NA,0
2018-12-22 10:11:33,"1296",14,NA,NA,0
2018-12-22 09:34:46,"537",17,NA,NA,0
2018-12-22 10:12:46,"1296",14,NA,NA,0
2018-12-22 09:34:48,"107",17,NA,NA,0
2018-12-22 10:13:06,"1296",14,NA,NA,0
2018-12-22 09:34:50,"107",17,NA,NA,0
2018-12-22 10:13:58,"1296",14,NA,NA,0
2018-12-22 10:14:02,"1296",14,NA,NA,0
2018-12-22 10:14:04,"1296",14,NA,NA,0
2018-12-22 10:14:08,"1296",14,NA,NA,0
2018-12-22 10:14:09,"1296",14,NA,NA,0
2018-12-22 10:14:11,"1296",14,NA,NA,0
2018-12-22 10:14:13,"1280",14,NA,NA,0
2018-12-22 10:14:13,"1296",14,NA,NA,0
2018-12-22 10:14:14,"1296",14,NA,NA,0
2018-12-22 10:14:20,"1280",14,NA,NA,0
2018-12-22 09:34:54,"1280",14,NA,NA,0
2018-12-22 10:14:41,"1296",14,NA,NA,0
2018-12-22 10:14:56,"1296",14,NA,NA,0
2018-12-22 10:15:04,"1296",14,NA,NA,0
2018-12-22 10:15:32,"2290",14,NA,NA,0
2018-12-22 10:15:33,"2290",14,NA,NA,0
2018-12-22 10:15:37,"1296",17,NA,NA,0
2018-12-22 10:15:47,"1296",14,NA,NA,0
2018-12-22 10:17:49,"1296",17,NA,NA,0
2018-12-22 10:17:56,"1296",14,NA,NA,0
2018-12-22 10:17:57,"1296",14,NA,NA,0
2018-12-22 09:35:00,"1296",14,NA,NA,0
2018-12-22 10:19:18,"537",32,NA,NA,0
2018-12-22 10:19:24,"1258",26,NA,NA,0
2018-12-22 10:19:39,"1258",2,NA,NA,0
2018-12-22 10:20:02,"1296",14,NA,NA,0
2018-12-22 10:20:36,"537",14,NA,NA,0
2018-12-22 10:20:46,"537",14,NA,NA,0
2018-12-22 10:21:37,"537",14,NA,NA,0
2018-12-22 10:21:46,"1268",14,NA,NA,0
2018-12-22 10:21:47,"1268",14,NA,NA,0
2018-12-22 10:22:14,"1296",14,NA,NA,0
2018-12-22 10:22:28,"1296",14,NA,NA,0
2018-12-22 10:22:44,"1296",17,NA,NA,0
2018-12-22 10:22:46,"1296",17,NA,NA,0
2018-12-22 10:23:02,"1296",17,NA,NA,0
2018-12-22 10:23:03,"1296",14,NA,NA,0
2018-12-22 10:23:05,"1296",14,NA,NA,0
2018-12-22 10:23:08,"1296",14,NA,NA,0
2018-12-22 10:23:29,"1296",14,NA,NA,0
2018-12-22 10:24:43,"1270",28,NA,NA,0
2018-12-22 10:24:43,"1270",24,NA,NA,0
2018-12-22 10:27:53,"1296",17,NA,NA,0
2018-12-22 10:28:10,"1296",14,NA,NA,0
2018-12-22 10:28:16,"1296",14,NA,NA,0
2018-12-22 10:29:06,"1296",14,NA,NA,0
2018-12-22 10:29:25,"1296",14,NA,NA,0
2018-12-22 10:29:30,"537",17,NA,NA,0
2018-12-22 09:35:56,"1258",17,NA,NA,0
2018-12-22 10:29:59,"1296",14,NA,NA,0
2018-12-22 10:30:07,"1296",14,NA,NA,0
2018-12-22 09:36:02,"537",14,NA,NA,0
2018-12-22 10:30:23,"1280",14,NA,NA,0
2018-12-22 10:30:24,"1296",14,NA,NA,0
2018-12-22 10:30:38,"1280",14,NA,NA,0
2018-12-22 10:30:42,"1296",14,NA,NA,0
2018-12-22 10:30:46,"1296",14,NA,NA,0
2018-12-22 10:30:49,"537",14,NA,NA,0
2018-12-22 10:31:01,"537",17,NA,NA,0
2018-12-22 10:31:34,"2290",14,NA,NA,0
2018-12-22 10:31:36,"1280",14,NA,NA,0
2018-12-22 10:31:38,"1280",14,NA,NA,0
2018-12-22 10:31:48,"2290",14,NA,NA,0
2018-12-22 10:31:48,"1280",14,NA,NA,0
2018-12-22 10:31:50,"2290",14,NA,NA,0
2018-12-22 10:31:54,"1296",14,NA,NA,0
2018-12-22 10:32:29,"1296",14,NA,NA,0
2018-12-22 10:32:50,"1296",14,NA,NA,0
2018-12-22 10:33:04,"1296",14,NA,NA,0
2018-12-22 10:33:08,"537",14,NA,NA,0
2018-12-22 10:33:13,"1280",17,NA,NA,0
2018-12-22 10:33:26,"537",14,NA,NA,0
2018-12-22 10:33:37,"537",14,NA,NA,0
2018-12-22 10:33:46,"537",14,NA,NA,0
2018-12-22 10:34:13,"537",14,NA,NA,0
2018-12-22 10:34:23,"537",14,NA,NA,0
2018-12-22 10:34:24,"537",14,NA,NA,0
2018-12-22 10:34:41,"537",14,NA,NA,0
2018-12-22 10:34:43,"537",14,NA,NA,0
2018-12-22 10:34:44,"537",14,NA,NA,0
2018-12-22 10:34:53,"537",17,NA,NA,0
2018-12-22 10:34:55,"537",14,NA,NA,0
2018-12-22 10:34:56,"537",27,NA,NA,0
2018-12-22 10:34:56,"537",25,NA,NA,0
2018-12-22 09:36:53,"1296",14,NA,NA,0
2018-12-22 10:35:04,"537",14,NA,NA,0
2018-12-22 10:36:58,"1280",17,NA,NA,0
2018-12-22 10:37:15,"1280",17,NA,NA,0
2018-12-22 10:39:23,"1296",14,NA,NA,0
2018-12-22 10:40:14,"1280",14,NA,NA,0
2018-12-22 10:40:15,"1280",14,NA,NA,0
2018-12-22 09:37:02,"1296",14,NA,NA,0
2018-12-22 10:41:04,"1296",14,NA,NA,0
2018-12-22 10:41:07,"1296",14,NA,NA,0
2018-12-22 10:42:04,"1268",14,NA,NA,0
2018-12-22 10:42:47,"1296",14,NA,NA,0
2018-12-22 10:43:04,"1296",14,NA,NA,0
2018-12-22 10:43:42,"086",14,NA,NA,0
2018-12-22 10:45:33,"1296",14,NA,NA,0
2018-12-22 10:45:35,"1296",14,NA,NA,0
2018-12-22 09:37:09,"1296",14,NA,NA,0
2018-12-22 10:47:22,"2290",14,NA,NA,0
2018-12-22 10:47:57,"537",17,NA,NA,0
2018-12-22 09:37:24,"1296",14,NA,NA,0
2018-12-22 10:48:37,"1296",14,NA,NA,0
2018-12-22 10:48:50,"1280",14,NA,NA,0
2018-12-22 10:48:50,"537",14,NA,NA,0
2018-12-22 10:48:56,"1296",14,NA,NA,0
2018-12-22 10:49:48,"086",14,NA,NA,0
2018-12-22 10:49:50,"086",14,NA,NA,0
2018-12-22 10:49:59,"086",14,NA,NA,0
2018-12-22 10:50:06,"086",14,NA,NA,0
2018-12-22 10:51:40,"086",16,NA,NA,0
2018-12-22 10:51:49,"086",16,NA,NA,0
2018-12-22 10:51:51,"086",14,NA,NA,0
2018-12-22 10:53:02,"1280",14,NA,NA,0
2018-12-22 10:53:17,"1280",14,NA,NA,0
2018-12-22 10:54:27,"1296",14,NA,NA,0
2018-12-22 10:54:37,"1296",14,NA,NA,0
2018-12-22 10:54:43,"1296",14,NA,NA,0
2018-12-22 10:55:16,"1280",14,NA,NA,0
2018-12-22 11:02:10,"1296",14,NA,NA,0
2018-12-22 11:02:28,"537",14,NA,NA,0
2018-12-22 11:02:29,"1296",14,NA,NA,0
2018-12-22 11:02:43,"1296",14,NA,NA,0
2018-12-22 11:02:53,"1280",14,NA,NA,0
2018-12-22 11:04:30,"2290",14,NA,NA,0
2018-12-22 11:05:54,"1296",17,NA,NA,0
2018-12-22 11:06:01,"2290",14,NA,NA,0
2018-12-22 10:58:33,"1296",14,NA,NA,0
2018-12-22 10:58:45,"1296",14,NA,NA,0
2018-12-22 10:59:06,"2290",14,NA,NA,0
2018-12-22 11:10:35,"1296",14,NA,NA,0
2018-12-22 11:10:46,"1296",14,NA,NA,0
2018-12-22 11:10:50,"1296",14,NA,NA,0
2018-12-22 11:11:13,"1296",14,NA,NA,0
2018-12-22 10:59:29,"1280",14,NA,NA,0
2018-12-22 11:11:34,"1296",14,NA,NA,0
2018-12-22 10:59:30,"2290",14,NA,NA,0
2018-12-22 10:59:35,"1296",14,NA,NA,0
2018-12-22 10:59:37,"1296",14,NA,NA,0
2018-12-22 11:00:01,"537",14,NA,NA,0
2018-12-22 11:00:10,"537",14,NA,NA,0
2018-12-22 11:11:58,"1296",14,NA,NA,0
2018-12-22 11:00:21,"1280",14,NA,NA,0
2018-12-22 11:12:10,"1296",14,NA,NA,0
2018-12-22 11:12:30,"1268",17,NA,NA,0
2018-12-22 11:12:55,"1296",14,NA,NA,0
2018-12-22 11:13:04,"1296",17,NA,NA,0
2018-12-22 11:13:12,"1280",17,NA,NA,0
2018-12-22 11:13:26,"1296",14,NA,NA,0
2018-12-22 11:00:39,"2290",14,NA,NA,0
2018-12-22 11:14:40,"1296",14,NA,NA,0
2018-12-22 11:14:56,"1296",17,NA,NA,0
2018-12-22 11:15:01,"1296",14,NA,NA,0
2018-12-22 11:15:13,"1296",14,NA,NA,0
2018-12-22 11:15:16,"1296",14,NA,NA,0
2018-12-22 11:15:53,"537",17,NA,NA,0
2018-12-22 11:16:44,"537",14,NA,NA,0
2018-12-22 11:16:51,"537",14,NA,NA,0
2018-12-22 11:17:02,"1296",14,NA,NA,0
2018-12-22 11:17:17,"1296",14,NA,NA,0
2018-12-22 11:17:35,"1280",17,NA,NA,0
2018-12-22 11:17:37,"537",17,NA,NA,0
2018-12-22 11:17:38,"1280",17,NA,NA,0
2018-12-22 11:18:09,"1296",14,NA,NA,0
2018-12-22 11:18:10,"1296",14,NA,NA,0
2018-12-22 11:18:15,"1280",14,NA,NA,0
2018-12-22 11:18:30,"1296",14,NA,NA,0
2018-12-22 11:00:55,"2290",14,NA,NA,0
2018-12-22 11:20:16,"1296",17,NA,NA,0
2018-12-22 11:20:22,"1296",14,NA,NA,0
2018-12-22 11:20:37,"1296",14,NA,NA,0
2018-12-22 11:20:55,"1296",14,NA,NA,0
2018-12-22 11:21:10,"1296",14,NA,NA,0
2018-12-22 11:21:17,"1296",14,NA,NA,0
2018-12-22 11:21:21,"1296",14,NA,NA,0
2018-12-22 11:01:03,"2290",14,NA,NA,0
2018-12-22 11:22:12,"1296",17,NA,NA,0
2018-12-22 11:22:46,"1296",14,NA,NA,0
2018-12-22 11:23:48,"537",14,NA,NA,0
2018-12-22 11:23:49,"537",14,NA,NA,0
2018-12-22 11:24:01,"537",14,NA,NA,0
2018-12-22 11:01:28,"1296",17,NA,NA,0
2018-12-22 11:24:48,"1296",14,NA,NA,0
2018-12-22 11:25:01,"1296",17,NA,NA,0
2018-12-22 11:25:02,"1280",17,NA,NA,0
2018-12-22 11:25:06,"1280",17,NA,NA,0
2018-12-22 11:25:35,"1296",14,NA,NA,0
2018-12-22 11:25:52,"1296",14,NA,NA,0
2018-12-22 11:26:09,"1296",14,NA,NA,0
2018-12-22 11:26:11,"1296",14,NA,NA,0
2018-12-22 11:26:12,"1296",14,NA,NA,0
2018-12-22 11:26:21,"537",17,NA,NA,0
2018-12-22 11:26:48,"2290",14,NA,NA,0
2018-12-22 11:26:56,"1280",17,NA,NA,0
2018-12-22 11:28:08,"086",14,NA,NA,0
2018-12-22 11:28:44,"1296",14,NA,NA,0
2018-12-22 11:01:43,"1280",17,NA,NA,0
2018-12-22 11:29:28,"1280",14,NA,NA,0
2018-12-22 11:29:29,"1280",14,NA,NA,0
2018-12-22 11:29:41,"537",17,NA,NA,0
2018-12-22 11:29:45,"537",17,NA,NA,0
2018-12-22 11:30:31,"1296",17,NA,NA,0
2018-12-22 11:30:35,"1296",14,NA,NA,0
2018-12-22 11:30:43,"1296",14,NA,NA,0
2018-12-22 11:31:01,"1296",14,NA,NA,0
2018-12-22 11:31:24,"1296",14,NA,NA,0
2018-12-22 11:31:25,"1296",14,NA,NA,0
2018-12-22 11:31:32,"1296",14,NA,NA,0
2018-12-22 11:31:33,"1296",14,NA,NA,0
2018-12-22 11:31:39,"1296",14,NA,NA,0
2018-12-22 11:32:29,"537",14,NA,NA,0
2018-12-22 11:32:31,"537",14,NA,NA,0
2018-12-22 11:32:35,"1296",14,NA,NA,0
2018-12-22 11:33:11,"537",17,NA,NA,0
2018-12-22 11:33:15,"537",17,NA,NA,0
2018-12-22 11:38:10,"1296",14,NA,NA,0
2018-12-22 11:38:49,"1296",14,NA,NA,0
2018-12-22 11:39:20,"1280",17,NA,NA,0
2018-12-22 11:39:27,"537",14,NA,NA,0
2018-12-22 11:39:40,"537",14,NA,NA,0
2018-12-22 11:39:52,"537",14,NA,NA,0
2018-12-22 11:39:56,"2290",17,NA,NA,0
2018-12-22 11:40:25,"1280",14,NA,NA,0
2018-12-22 11:40:38,"1280",14,NA,NA,0
2018-12-22 11:40:39,"1296",14,NA,NA,0
2018-12-22 11:40:40,"1296",14,NA,NA,0
2018-12-22 11:40:55,"1296",14,NA,NA,0
2018-12-22 11:40:58,"1296",17,NA,NA,0
2018-12-22 11:41:04,"2290",14,NA,NA,0
2018-12-22 11:41:11,"2290",14,NA,NA,0
2018-12-22 11:41:14,"1296",14,NA,NA,0
2018-12-22 11:41:25,"2290",14,NA,NA,0
2018-12-22 11:41:27,"2290",14,NA,NA,0
2018-12-22 11:41:28,"1296",14,NA,NA,0
2018-12-22 11:41:43,"086",17,NA,NA,0
2018-12-22 11:42:08,"1296",17,NA,NA,0
2018-12-22 11:42:35,"1296",14,NA,NA,0
2018-12-22 11:42:41,"1296",14,NA,NA,0
2018-12-22 11:44:46,"086",14,NA,NA,0
2018-12-22 11:44:51,"086",14,NA,NA,0
2018-12-22 11:48:36,"1268",14,NA,NA,0
2018-12-22 11:50:36,"1296",14,NA,NA,0
2018-12-22 11:51:15,"1280",17,NA,NA,0
2018-12-22 11:35:34,"537",14,NA,NA,0
2018-12-22 11:52:08,"2290",17,NA,NA,0
2018-12-22 11:52:24,"1268",14,NA,NA,0
2018-12-22 11:52:28,"1268",14,NA,NA,0
2018-12-22 11:52:38,"1268",14,NA,NA,0
2018-12-22 11:52:48,"2290",14,NA,NA,0
2018-12-22 11:53:06,"1296",17,NA,NA,0
2018-12-22 11:53:14,"1296",14,NA,NA,0
2018-12-22 11:53:18,"1296",14,NA,NA,0
2018-12-22 11:53:28,"1280",17,NA,NA,0
2018-12-22 11:35:54,"1280",14,NA,NA,0
2018-12-22 11:53:34,"1296",14,NA,NA,0
2018-12-22 11:53:37,"537",14,NA,NA,0
2018-12-22 11:53:40,"2290",14,NA,NA,0
2018-12-22 11:53:42,"2290",14,NA,NA,0
2018-12-22 11:53:46,"1280",17,NA,NA,0
2018-12-22 11:53:49,"1296",14,NA,NA,0
2018-12-22 11:53:56,"2290",14,NA,NA,0
2018-12-22 11:54:01,"1296",14,NA,NA,0
2018-12-22 11:54:17,"2290",14,NA,NA,0
2018-12-22 11:55:02,"1280",14,NA,NA,0
2018-12-22 11:55:40,"1296",17,NA,NA,0
2018-12-22 11:55:48,"1296",14,NA,NA,0
2018-12-22 11:55:55,"1296",14,NA,NA,0
2018-12-22 11:56:03,"1296",14,NA,NA,0
2018-12-22 11:56:23,"1296",14,NA,NA,0
2018-12-22 11:56:33,"1296",14,NA,NA,0
2018-12-22 11:57:00,"1296",14,NA,NA,0
2018-12-22 11:57:47,"1296",14,NA,NA,0
2018-12-22 11:58:06,"537",17,NA,NA,0
2018-12-22 11:58:10,"1296",14,NA,NA,0
2018-12-22 11:58:19,"1296",14,NA,NA,0
2018-12-22 11:58:35,"1296",14,NA,NA,0
2018-12-22 11:59:09,"2290",14,NA,NA,0
2018-12-22 12:00:29,"1296",14,NA,NA,0
2018-12-22 12:01:10,"537",14,NA,NA,0
2018-12-22 12:02:38,"1296",17,NA,NA,0
2018-12-22 12:02:51,"1296",14,NA,NA,0
2018-12-22 12:03:18,"537",14,NA,NA,0
2018-12-22 12:03:22,"1296",14,NA,NA,0
2018-12-22 12:03:25,"1296",14,NA,NA,0
2018-12-22 12:03:30,"537",14,NA,NA,0
2018-12-22 12:03:36,"1296",14,NA,NA,0
2018-12-22 12:03:54,"2290",14,NA,NA,0
2018-12-22 12:04:00,"1296",14,NA,NA,0
2018-12-22 12:04:03,"2290",14,NA,NA,0
2018-12-22 12:04:03,"537",14,NA,NA,0
2018-12-22 12:04:04,"537",14,NA,NA,0
2018-12-22 12:04:11,"1296",14,NA,NA,0
2018-12-22 12:04:15,"537",14,NA,NA,0
2018-12-22 12:04:17,"537",14,NA,NA,0
2018-12-22 12:04:18,"537",14,NA,NA,0
2018-12-22 12:04:34,"537",14,NA,NA,0
2018-12-22 12:04:41,"537",14,NA,NA,0
2018-12-22 12:04:47,"537",14,NA,NA,0
2018-12-22 11:36:40,"537",14,NA,NA,0
2018-12-22 11:37:02,"1296",14,NA,NA,0
2018-12-22 11:37:11,"1268",17,NA,NA,0
2018-12-22 12:05:04,"1296",14,NA,NA,0
2018-12-22 12:05:24,"1296",27,NA,NA,0
2018-12-22 12:05:24,"1296",25,NA,NA,0
2018-12-22 12:05:31,"1296",14,NA,NA,0
2018-12-22 12:06:12,"1280",17,NA,NA,0
2018-12-22 12:06:15,"1296",14,NA,NA,0
2018-12-22 12:06:34,"1296",14,NA,NA,0
2018-12-22 11:37:20,"537",14,NA,NA,0
2018-12-22 12:07:30,"1268",14,NA,NA,0
2018-12-22 12:07:32,"1268",14,NA,NA,0
2018-12-22 12:07:45,"537",14,NA,NA,0
2018-12-22 11:37:26,"1296",14,NA,NA,0
2018-12-22 12:07:51,"2290",14,NA,NA,0
2018-12-22 12:07:53,"2290",14,NA,NA,0
2018-12-22 12:08:07,"537",14,NA,NA,0
2018-12-22 12:08:17,"1296",14,NA,NA,0
2018-12-22 12:08:26,"1296",14,NA,NA,0
2018-12-22 12:09:52,"2290",17,NA,NA,0
2018-12-22 12:10:00,"2290",14,NA,NA,0
2018-12-22 12:10:03,"1296",14,NA,NA,0
2018-12-22 12:10:16,"537",17,NA,NA,0
2018-12-22 12:11:10,"537",14,NA,NA,0
2018-12-22 12:11:18,"537",17,NA,NA,0
2018-12-22 12:11:50,"2290",14,NA,NA,0
2018-12-22 12:12:55,"2290",14,NA,NA,0
2018-12-22 12:12:55,"1296",14,NA,NA,0
2018-12-22 12:13:00,"1296",14,NA,NA,0
2018-12-22 12:13:14,"1280",17,NA,NA,0
2018-12-22 12:13:16,"537",17,NA,NA,0
2018-12-22 12:14:01,"537",14,NA,NA,0
2018-12-22 12:14:08,"078",14,NA,NA,0
2018-12-22 12:14:09,"078",14,NA,NA,0
2018-12-22 12:58:41,"537",14,NA,NA,0
2018-12-22 12:14:20,"2290",14,NA,NA,0
2018-12-22 12:15:16,"537",17,NA,NA,0
2018-12-22 12:15:22,"537",14,NA,NA,0
2018-12-22 12:15:37,"537",14,NA,NA,0
2018-12-22 12:16:37,"537",14,NA,NA,0
2018-12-22 12:18:27,"1296",17,NA,NA,0
2018-12-22 12:18:30,"1280",14,NA,NA,0
2018-12-22 12:18:43,"1296",26,NA,NA,0
2018-12-22 12:20:31,"537",14,NA,NA,0
2018-12-22 12:20:40,"537",14,NA,NA,0
2018-12-22 12:27:02,"086",14,NA,NA,0
2018-12-22 12:27:09,"537",14,NA,NA,0
2018-12-22 12:27:14,"1296",14,NA,NA,0
2018-12-22 12:27:18,"1296",14,NA,NA,0
2018-12-22 12:27:21,"2290",17,NA,NA,0
2018-12-22 12:27:54,"1296",14,NA,NA,0
2018-12-22 12:27:56,"1296",14,NA,NA,0
2018-12-22 12:28:19,"1296",14,NA,NA,0
2018-12-22 12:28:27,"2290",14,NA,NA,0
2018-12-22 12:29:51,"1296",17,NA,NA,0
2018-12-22 12:30:05,"1296",14,NA,NA,0
2018-12-22 12:31:58,"1296",14,NA,NA,0
2018-12-22 12:32:00,"1296",14,NA,NA,0
2018-12-22 12:32:05,"1296",14,NA,NA,0
2018-12-22 12:32:07,"1296",14,NA,NA,0
2018-12-22 12:32:53,"1296",14,NA,NA,0
2018-12-22 12:33:19,"1296",14,NA,NA,0
2018-12-22 12:33:40,"1296",14,NA,NA,0
2018-12-22 12:33:47,"1296",17,NA,NA,0
2018-12-22 12:33:49,"1296",14,NA,NA,0
2018-12-22 12:34:01,"086",14,NA,NA,0
2018-12-22 12:34:06,"086",14,NA,NA,0
2018-12-22 12:34:08,"1296",14,NA,NA,0
2018-12-22 12:34:47,"1296",14,NA,NA,0
2018-12-22 12:36:42,"2290",14,NA,NA,0
2018-12-22 12:38:08,"2290",14,NA,NA,0
2018-12-22 12:38:24,"2290",14,NA,NA,0
2018-12-22 12:39:28,"1296",14,NA,NA,0
2018-12-22 12:39:37,"1296",14,NA,NA,0
2018-12-22 12:39:50,"2290",14,NA,NA,0
2018-12-22 12:40:09,"2290",14,NA,NA,0
2018-12-22 12:40:10,"2290",14,NA,NA,0
2018-12-22 12:40:57,"1296",14,NA,NA,0
2018-12-22 12:40:58,"1296",14,NA,NA,0
2018-12-22 12:41:26,"2290",14,NA,NA,0
2018-12-22 12:41:31,"1280",14,NA,NA,0
2018-12-22 12:41:34,"1280",14,NA,NA,0
2018-12-22 12:42:07,"1280",14,NA,NA,0
2018-12-22 12:42:08,"1280",14,NA,NA,0
2018-12-22 12:42:23,"1280",14,NA,NA,0
2018-12-22 12:42:42,"2290",14,NA,NA,0
2018-12-22 12:43:40,"086",14,NA,NA,0
2018-12-22 12:43:47,"086",14,NA,NA,0
2018-12-22 12:44:32,"2290",14,NA,NA,0
2018-12-22 12:44:42,"1280",14,NA,NA,0
2018-12-22 12:44:49,"1280",17,NA,NA,0
2018-12-22 12:45:54,"1296",14,NA,NA,0
2018-12-22 12:46:15,"1296",14,NA,NA,0
2018-12-22 12:46:18,"2290",14,NA,NA,0
2018-12-22 12:46:22,"1296",14,NA,NA,0
2018-12-22 12:46:23,"2290",17,NA,NA,0
2018-12-22 12:46:28,"537",14,NA,NA,0
2018-12-22 12:46:32,"2290",17,NA,NA,0
2018-12-22 12:46:44,"1296",14,NA,NA,0
2018-12-22 12:47:52,"537",17,NA,NA,0
2018-12-22 12:23:43,"2290",14,NA,NA,0
2018-12-22 12:23:55,"2290",17,NA,NA,0
2018-12-22 12:49:14,"537",14,NA,NA,0
2018-12-22 12:49:16,"537",14,NA,NA,0
2018-12-22 12:49:27,"2290",14,NA,NA,0
2018-12-22 12:49:33,"537",17,NA,NA,0
2018-12-22 12:49:34,"537",14,NA,NA,0
2018-12-22 12:49:37,"537",14,NA,NA,0
2018-12-22 12:49:53,"537",17,NA,NA,0
2018-12-22 12:50:01,"086",14,NA,NA,0
2018-12-22 12:50:05,"086",14,NA,NA,0
2018-12-22 12:51:39,"1280",17,NA,NA,0
2018-12-22 12:51:49,"1268",14,NA,NA,0
2018-12-22 12:51:56,"1268",14,NA,NA,0
2018-12-22 12:52:04,"1268",17,NA,NA,0
2018-12-22 12:52:39,"2290",27,NA,NA,0
2018-12-22 12:52:39,"2290",25,NA,NA,0
2018-12-22 12:52:50,"2290",17,NA,NA,0
2018-12-22 12:52:55,"2290",17,NA,NA,0
2018-12-22 12:53:36,"2290",14,NA,NA,0
2018-12-22 12:53:56,"537",17,NA,NA,0
2018-12-22 12:54:00,"2290",14,NA,NA,0
2018-12-22 12:54:07,"2290",14,NA,NA,0
2018-12-22 12:54:13,"2290",14,NA,NA,0
2018-12-22 12:54:21,"1296",17,NA,NA,0
2018-12-22 12:54:43,"2290",14,NA,NA,0
2018-12-22 12:55:04,"1296",14,NA,NA,0
2018-12-22 12:55:18,"1296",14,NA,NA,0
2018-12-22 12:55:22,"1296",14,NA,NA,0
2018-12-22 12:55:24,"537",17,NA,NA,0
2018-12-22 12:55:25,"1280",14,NA,NA,0
2018-12-22 12:55:39,"1296",14,NA,NA,0
2018-12-22 12:55:41,"1296",14,NA,NA,0
2018-12-22 12:55:47,"1296",14,NA,NA,0
2018-12-22 12:55:55,"1296",14,NA,NA,0
2018-12-22 12:55:58,"1296",14,NA,NA,0
2018-12-22 12:56:08,"1296",14,NA,NA,0
2018-12-22 12:56:20,"1296",14,NA,NA,0
2018-12-22 12:56:28,"1296",17,NA,NA,0
2018-12-22 12:56:38,"1296",14,NA,NA,0
2018-12-22 12:56:50,"1296",17,NA,NA,0
2018-12-22 12:24:29,"1296",17,NA,NA,0
2018-12-22 12:57:06,"1296",14,NA,NA,0
2018-12-22 12:57:17,"1296",14,NA,NA,0
2018-12-22 12:58:24,"1280",17,NA,NA,0
2018-12-22 12:58:24,"1280",14,NA,NA,0
2018-12-22 12:58:33,"537",14,NA,NA,0
2018-12-22 12:58:51,"537",14,NA,NA,0
2018-12-22 12:59:11,"1296",17,NA,NA,0
2018-12-22 12:59:27,"2290",14,NA,NA,0
2018-12-22 12:59:35,"1296",14,NA,NA,0
2018-12-22 13:00:08,"537",14,NA,NA,0
2018-12-22 13:00:10,"2290",14,NA,NA,0
2018-12-22 13:00:14,"537",14,NA,NA,0
2018-12-22 13:00:27,"1296",17,NA,NA,0
2018-12-22 12:24:59,"1280",14,NA,NA,0
2018-12-22 12:25:01,"1280",14,NA,NA,0
2018-12-22 13:01:44,"537",14,NA,NA,0
2018-12-22 13:02:38,"1280",17,NA,NA,0
2018-12-22 13:02:58,"1296",17,NA,NA,0
2018-12-22 13:03:04,"537",14,NA,NA,0
2018-12-22 13:03:27,"1296",14,NA,NA,0
2018-12-22 13:03:34,"1296",14,NA,NA,0
2018-12-22 13:03:48,"1296",14,NA,NA,0
2018-12-22 13:03:58,"1296",14,NA,NA,0
2018-12-22 13:04:09,"1296",14,NA,NA,0
2018-12-22 12:25:24,"1296",14,NA,NA,0
2018-12-22 13:04:17,"1296",14,NA,NA,0
2018-12-22 13:04:27,"1296",14,NA,NA,0
2018-12-22 13:04:37,"1296",14,NA,NA,0
2018-12-22 13:04:45,"1296",14,NA,NA,0
2018-12-22 13:05:03,"1296",17,NA,NA,0
2018-12-22 13:05:52,"1296",14,NA,NA,0
2018-12-22 13:06:50,"1268",14,NA,NA,0
2018-12-22 13:07:15,"086",17,NA,NA,0
2018-12-22 13:07:18,"086",14,NA,NA,0
2018-12-22 13:07:20,"086",17,NA,NA,0
2018-12-22 13:07:39,"1280",14,NA,NA,0
2018-12-22 13:08:37,"1296",17,NA,NA,0
2018-12-22 13:08:41,"1296",17,NA,NA,0
2018-12-22 13:08:45,"1296",17,NA,NA,0
2018-12-22 13:09:15,"1296",25,NA,NA,0
2018-12-22 13:09:18,"1296",14,NA,NA,0
2018-12-22 13:09:31,"1280",14,NA,NA,0
2018-12-22 13:09:41,"1280",14,NA,NA,0
2018-12-22 13:09:42,"1296",14,NA,NA,0
2018-12-22 13:09:42,"537",14,NA,NA,0
2018-12-22 13:09:43,"1280",14,NA,NA,0
2018-12-22 13:09:44,"1280",14,NA,NA,0
2018-12-22 13:09:52,"537",14,NA,NA,0
2018-12-22 13:09:56,"1280",14,NA,NA,0
2018-12-22 13:09:59,"537",14,NA,NA,0
2018-12-22 13:10:05,"1280",14,NA,NA,0
2018-12-22 13:10:14,"1280",14,NA,NA,0
2018-12-22 13:10:26,"1296",14,NA,NA,0
2018-12-22 13:10:30,"537",17,NA,NA,0
2018-12-22 13:10:33,"537",17,NA,NA,0
2018-12-22 13:10:35,"1296",14,NA,NA,0
2018-12-22 13:10:39,"1296",14,NA,NA,0
2018-12-22 13:10:40,"1296",14,NA,NA,0
2018-12-22 13:10:41,"1296",14,NA,NA,0
2018-12-22 13:10:55,"1296",14,NA,NA,0
2018-12-22 13:10:59,"537",17,NA,NA,0
2018-12-22 13:11:00,"1296",14,NA,NA,0
2018-12-22 13:11:01,"1280",14,NA,NA,0
2018-12-22 13:11:04,"537",14,NA,NA,0
2018-12-22 13:11:08,"1280",14,NA,NA,0
2018-12-22 13:11:11,"1296",14,NA,NA,0
2018-12-22 13:11:23,"537",14,NA,NA,0
2018-12-22 13:11:25,"1296",14,NA,NA,0
2018-12-22 13:11:36,"537",14,NA,NA,0
2018-12-22 13:12:20,"1296",26,NA,NA,0
2018-12-22 13:13:16,"1296",17,NA,NA,0
2018-12-22 13:13:55,"1296",14,NA,NA,0
2018-12-22 13:14:14,"1296",14,NA,NA,0
2018-12-22 13:14:32,"1296",14,NA,NA,0
2018-12-22 13:14:39,"1280",14,NA,NA,0
2018-12-22 13:14:40,"537",17,NA,NA,0
2018-12-22 13:14:40,"1280",14,NA,NA,0
2018-12-22 13:14:54,"086",14,NA,NA,0
2018-12-22 13:14:59,"1268",14,NA,NA,0
2018-12-22 13:15:03,"1280",14,NA,NA,0
2018-12-22 13:15:08,"1268",14,NA,NA,0
2018-12-22 13:15:11,"1296",17,NA,NA,0
2018-12-22 13:15:12,"1268",14,NA,NA,0
2018-12-22 13:15:19,"1268",14,NA,NA,0
2018-12-22 13:15:24,"1268",14,NA,NA,0
2018-12-22 13:16:05,"1296",14,NA,NA,0
2018-12-22 13:16:16,"1296",17,NA,NA,0
2018-12-22 13:16:23,"078",26,NA,NA,0
2018-12-22 13:16:29,"1280",14,NA,NA,0
2018-12-22 13:16:33,"078",2,NA,NA,0
2018-12-22 13:16:33,"1280",17,NA,NA,0
2018-12-22 13:16:42,"537",14,NA,NA,0
2018-12-22 13:16:45,"537",14,NA,NA,0
2018-12-22 13:17:16,"1296",14,NA,NA,0
2018-12-22 13:17:53,"1296",14,NA,NA,0
2018-12-22 13:17:57,"1280",14,NA,NA,0
2018-12-22 13:17:59,"1296",14,NA,NA,0
2018-12-22 13:18:43,"1280",14,NA,NA,0
2018-12-22 13:23:44,"1296",14,NA,NA,0
2018-12-22 13:23:45,"1296",17,NA,NA,0
2018-12-22 13:23:52,"1280",14,NA,NA,0
2018-12-22 13:24:15,"1296",14,NA,NA,0
2018-12-22 13:24:19,"1296",14,NA,NA,0
2018-12-22 13:19:00,"1280",17,NA,NA,0
2018-12-22 13:36:29,"537",14,NA,NA,0
2018-12-22 13:25:02,"1296",14,NA,NA,0
2018-12-22 13:25:03,"1296",14,NA,NA,0
2018-12-22 13:25:04,"537",14,NA,NA,0
2018-12-22 13:25:36,"1296",14,NA,NA,0
2018-12-22 13:25:48,"1296",14,NA,NA,0
2018-12-22 13:26:13,"537",17,NA,NA,0
2018-12-22 13:26:24,"1296",14,NA,NA,0
2018-12-22 13:26:39,"1296",17,NA,NA,0
2018-12-22 13:26:48,"537",14,NA,NA,0
2018-12-22 13:27:08,"086",14,NA,NA,0
2018-12-22 13:27:20,"537",14,NA,NA,0
2018-12-22 13:19:01,"2290",14,NA,NA,0
2018-12-22 13:19:14,"1280",14,NA,NA,0
2018-12-22 13:27:32,"537",14,NA,NA,0
2018-12-22 13:40:21,"537",14,NA,NA,0
2018-12-22 13:30:17,"1280",14,NA,NA,0
2018-12-22 13:31:21,"1296",14,NA,NA,0
2018-12-22 13:31:28,"1280",14,NA,NA,0
2018-12-22 13:31:59,"086",14,NA,NA,0
2018-12-22 13:19:43,"1296",17,NA,NA,0
2018-12-22 13:33:03,"2290",14,NA,NA,0
2018-12-22 13:19:44,"537",17,NA,NA,0
2018-12-22 13:33:18,"2290",14,NA,NA,0
2018-12-22 13:33:52,"537",17,NA,NA,0
2018-12-22 13:36:04,"2290",14,NA,NA,0
2018-12-22 13:36:11,"537",14,NA,NA,0
2018-12-22 13:36:40,"1296",14,NA,NA,0
2018-12-22 13:36:41,"1296",14,NA,NA,0
2018-12-22 13:37:18,"537",14,NA,NA,0
2018-12-22 13:20:05,"1296",14,NA,NA,0
2018-12-22 13:37:22,"1280",14,NA,NA,0
2018-12-22 13:37:24,"1280",14,NA,NA,0
2018-12-22 13:20:10,"1296",14,NA,NA,0
2018-12-22 13:39:09,"1268",14,NA,NA,0
2018-12-22 13:39:13,"1296",14,NA,NA,0
2018-12-22 13:39:18,"537",14,NA,NA,0
2018-12-22 13:39:19,"1296",14,NA,NA,0
2018-12-22 13:39:34,"537",14,NA,NA,0
2018-12-22 13:39:39,"1296",14,NA,NA,0
2018-12-22 13:40:07,"1296",17,NA,NA,0
2018-12-22 13:40:13,"537",14,NA,NA,0
2018-12-22 13:40:16,"537",14,NA,NA,0
2018-12-22 13:40:16,"2290",14,NA,NA,0
2018-12-22 13:20:22,"537",14,NA,NA,0
2018-12-22 13:40:18,"537",14,NA,NA,0
2018-12-22 13:20:44,"537",14,NA,NA,0
2018-12-22 13:40:40,"1280",17,NA,NA,0
2018-12-22 13:40:49,"1280",14,NA,NA,0
2018-12-22 13:40:50,"1280",14,NA,NA,0
2018-12-22 13:41:49,"1",28,NA,NA,0
2018-12-22 13:41:49,"1",1,NA,NA,0
2018-12-22 13:41:49,"1",24,NA,NA,0
2018-12-22 13:41:49,"1",25,NA,NA,0
2018-12-22 13:41:49,"1",27,NA,NA,0
2018-12-22 13:41:50,"1296",17,NA,NA,0
2018-12-22 13:42:23,"1296",14,NA,NA,0
2018-12-22 13:42:37,"1296",14,NA,NA,0
2018-12-22 13:43:04,"1296",14,NA,NA,0
2018-12-22 13:43:16,"1296",14,NA,NA,0
2018-12-22 13:43:20,"1296",14,NA,NA,0
2018-12-22 13:43:24,"1296",14,NA,NA,0
2018-12-22 13:43:39,"1296",14,NA,NA,0
2018-12-22 13:43:43,"1296",14,NA,NA,0
2018-12-22 13:44:50,"1296",14,NA,NA,0
2018-12-22 13:45:11,"1296",14,NA,NA,0
2018-12-22 13:45:17,"1296",14,NA,NA,0
2018-12-22 13:45:40,"1296",14,NA,NA,0
2018-12-22 13:45:43,"1296",14,NA,NA,0
2018-12-22 13:45:54,"1296",14,NA,NA,0
2018-12-22 13:45:56,"1296",14,NA,NA,0
2018-12-22 13:46:49,"1296",17,NA,NA,0
2018-12-22 13:47:06,"1296",14,NA,NA,0
2018-12-22 13:47:33,"086",17,NA,NA,0
2018-12-22 13:47:50,"1296",14,NA,NA,0
2018-12-22 13:48:03,"1296",17,NA,NA,0
2018-12-22 13:48:11,"1296",14,NA,NA,0
2018-12-22 13:48:24,"1296",14,NA,NA,0
2018-12-22 13:48:47,"1296",14,NA,NA,0
2018-12-22 13:49:00,"1296",14,NA,NA,0
2018-12-22 13:49:48,"1280",17,NA,NA,0
2018-12-22 13:51:17,"1296",14,NA,NA,0
2018-12-22 13:51:45,"1296",14,NA,NA,0
2018-12-22 13:51:50,"1296",14,NA,NA,0
2018-12-22 13:52:08,"1296",14,NA,NA,0
2018-12-22 13:53:06,"1296",14,NA,NA,0
2018-12-22 13:53:17,"537",14,NA,NA,0
2018-12-22 13:53:36,"537",14,NA,NA,0
2018-12-22 13:53:40,"1296",14,NA,NA,0
2018-12-22 13:54:17,"1296",14,NA,NA,0
2018-12-22 13:54:27,"537",14,NA,NA,0
2018-12-22 13:54:28,"1296",14,NA,NA,0
2018-12-22 13:54:32,"537",14,NA,NA,0
2018-12-22 13:54:34,"537",14,NA,NA,0
2018-12-22 13:54:36,"537",14,NA,NA,0
2018-12-22 13:54:41,"537",17,NA,NA,0
2018-12-22 13:54:43,"1280",14,NA,NA,0
2018-12-22 13:54:45,"1280",14,NA,NA,0
2018-12-22 13:54:49,"537",14,NA,NA,0
2018-12-22 13:54:49,"1280",17,NA,NA,0
2018-12-22 13:54:50,"1296",14,NA,NA,0
2018-12-22 13:54:55,"537",14,NA,NA,0
2018-12-22 13:54:57,"1296",14,NA,NA,0
2018-12-22 13:56:21,"1296",14,NA,NA,0
2018-12-22 13:56:23,"1296",14,NA,NA,0
2018-12-22 13:56:30,"1296",14,NA,NA,0
2018-12-22 13:56:34,"1296",14,NA,NA,0
2018-12-22 13:56:54,"537",14,NA,NA,0
2018-12-22 13:57:05,"1296",14,NA,NA,0
2018-12-22 13:57:05,"537",14,NA,NA,0
2018-12-22 13:57:16,"537",14,NA,NA,0
2018-12-22 13:22:08,"1280",14,NA,NA,0
2018-12-22 13:22:11,"1296",14,NA,NA,0
2018-12-22 13:59:13,"1296",17,NA,NA,0
2018-12-22 13:59:19,"1280",14,NA,NA,0
2018-12-22 13:59:27,"1280",14,NA,NA,0
2018-12-22 13:59:38,"1280",14,NA,NA,0
2018-12-22 13:59:42,"537",17,NA,NA,0
2018-12-22 13:59:47,"1296",14,NA,NA,0
2018-12-22 14:00:05,"1296",14,NA,NA,0
2018-12-22 14:00:07,"1",17,NA,NA,0
2018-12-22 14:00:23,"1296",14,NA,NA,0
2018-12-22 14:00:31,"1296",14,NA,NA,0
2018-12-22 14:00:33,"1296",14,NA,NA,0
2018-12-22 14:00:42,"1296",14,NA,NA,0
2018-12-22 14:00:51,"537",14,NA,NA,0
2018-12-22 14:00:56,"1296",14,NA,NA,0
2018-12-22 14:01:24,"537",14,NA,NA,0
2018-12-22 14:01:27,"537",14,NA,NA,0
2018-12-22 14:01:35,"1296",17,NA,NA,0
2018-12-22 14:01:42,"537",14,NA,NA,0
2018-12-22 14:01:51,"537",14,NA,NA,0
2018-12-22 14:01:51,"1296",14,NA,NA,0
2018-12-22 14:02:03,"1296",14,NA,NA,0
2018-12-22 14:02:13,"1296",14,NA,NA,0
2018-12-22 14:02:15,"1296",14,NA,NA,0
2018-12-22 14:02:46,"537",17,NA,NA,0
2018-12-22 14:02:56,"537",14,NA,NA,0
2018-12-22 14:02:58,"2290",14,NA,NA,0
2018-12-22 14:02:59,"537",14,NA,NA,0
2018-12-22 14:03:00,"2290",14,NA,NA,0
2018-12-22 14:03:03,"537",14,NA,NA,0
2018-12-22 14:03:03,"1",17,NA,NA,0
2018-12-22 14:03:06,"1296",17,NA,NA,0
2018-12-22 14:03:21,"1280",14,NA,NA,0
2018-12-22 14:04:07,"1296",17,NA,NA,0
2018-12-22 14:04:14,"1296",17,NA,NA,0
2018-12-22 14:04:26,"1296",17,NA,NA,0
2018-12-22 14:04:56,"2290",14,NA,NA,0
2018-12-22 14:05:04,"2290",14,NA,NA,0
2018-12-22 14:05:37,"1296",14,NA,NA,0
2018-12-22 14:06:26,"537",14,NA,NA,0
2018-12-22 14:06:28,"537",14,NA,NA,0
2018-12-22 14:06:35,"1296",14,NA,NA,0
2018-12-22 14:06:50,"1296",14,NA,NA,0
2018-12-22 13:23:04,"1296",14,NA,NA,0
2018-12-22 13:23:05,"1296",14,NA,NA,0
2018-12-22 14:06:55,"2290",14,NA,NA,0
2018-12-22 14:07:06,"1296",14,NA,NA,0
2018-12-22 14:07:06,"2290",32,NA,NA,0
2018-12-22 14:07:18,"1296",14,NA,NA,0
2018-12-22 14:07:35,"1296",14,NA,NA,0
2018-12-22 14:07:36,"1296",14,NA,NA,0
2018-12-22 14:07:46,"1296",14,NA,NA,0
2018-12-22 14:07:58,"1296",14,NA,NA,0
2018-12-22 14:08:05,"1296",14,NA,NA,0
2018-12-22 14:08:16,"1296",14,NA,NA,0
2018-12-22 14:08:34,"1296",14,NA,NA,0
2018-12-22 14:08:43,"1296",17,NA,NA,0
2018-12-22 14:09:22,"1280",17,NA,NA,0
2018-12-22 14:09:26,"1296",14,NA,NA,0
2018-12-22 14:09:27,"1296",32,NA,NA,0
2018-12-22 14:09:27,"1296",14,NA,NA,0
2018-12-22 14:09:43,"1296",14,NA,NA,0
2018-12-22 14:10:19,"1050",14,NA,NA,0
2018-12-22 14:10:41,"086",17,NA,NA,0
2018-12-22 14:10:42,"1296",17,NA,NA,0
2018-12-22 14:10:59,"1",17,NA,NA,0
2018-12-22 14:14:22,"1280",17,NA,NA,0
2018-12-22 14:11:17,"1296",14,NA,NA,0
2018-12-22 14:16:02,"1296",14,NA,NA,0
2018-12-22 14:16:51,"1268",14,NA,NA,0
2018-12-22 14:16:52,"1050",14,NA,NA,0
2018-12-22 14:17:21,"2290",14,NA,NA,0
2018-12-22 14:17:33,"1296",14,NA,NA,0
2018-12-22 14:11:23,"1050",14,NA,NA,0
2018-12-22 14:18:44,"2290",14,NA,NA,0
2018-12-22 14:18:54,"1280",14,NA,NA,0
2018-12-22 14:18:56,"1280",14,NA,NA,0
2018-12-22 14:19:00,"1296",17,NA,NA,0
2018-12-22 14:19:04,"1296",17,NA,NA,0
2018-12-22 14:19:57,"1296",14,NA,NA,0
2018-12-22 14:20:37,"1296",14,NA,NA,0
2018-12-22 14:21:45,"1296",14,NA,NA,0
2018-12-22 14:21:47,"1296",14,NA,NA,0
2018-12-22 14:22:01,"1280",14,NA,NA,0
2018-12-22 14:22:03,"1280",14,NA,NA,0
2018-12-22 14:22:06,"1296",14,NA,NA,0
2018-12-22 14:22:12,"1296",14,NA,NA,0
2018-12-22 14:22:14,"2290",14,NA,NA,0
2018-12-22 14:22:26,"537",17,NA,NA,0
2018-12-22 14:22:26,"2290",14,NA,NA,0
2018-12-22 14:22:27,"1296",14,NA,NA,0
2018-12-22 14:22:31,"1296",17,NA,NA,0
2018-12-22 14:22:31,"1296",14,NA,NA,0
2018-12-22 14:22:33,"1296",14,NA,NA,0
2018-12-22 14:22:52,"1280",14,NA,NA,0
2018-12-22 14:22:53,"1280",14,NA,NA,0
2018-12-22 14:22:53,"2290",14,NA,NA,0
2018-12-22 14:22:54,"1296",14,NA,NA,0
2018-12-22 14:23:16,"1296",14,NA,NA,0
2018-12-22 14:23:34,"1296",14,NA,NA,0
2018-12-22 14:24:34,"1280",14,NA,NA,0
2018-12-22 14:25:38,"1280",14,NA,NA,0
2018-12-22 14:26:36,"1280",14,NA,NA,0
2018-12-22 14:26:45,"1280",14,NA,NA,0
2018-12-22 14:26:58,"1280",14,NA,NA,0
2018-12-22 14:27:10,"2290",14,NA,NA,0
2018-12-22 14:28:25,"2290",14,NA,NA,0
2018-12-22 14:31:29,"1296",14,NA,NA,0
2018-12-22 14:32:14,"2290",14,NA,NA,0
2018-12-22 14:32:22,"2290",14,NA,NA,0
2018-12-22 14:32:50,"2290",14,NA,NA,0
2018-12-22 14:33:08,"1280",32,NA,NA,0
2018-12-22 14:33:16,"1280",17,NA,NA,0
2018-12-22 14:33:18,"537",14,NA,NA,0
2018-12-22 14:34:14,"537",14,NA,NA,0
2018-12-22 14:12:15,"1296",17,NA,NA,0
2018-12-22 14:36:03,"537",17,NA,NA,0
2018-12-22 14:36:06,"1296",14,NA,NA,0
2018-12-22 14:36:26,"1296",14,NA,NA,0
2018-12-22 14:36:49,"1280",17,NA,NA,0
2018-12-22 14:37:17,"1280",14,NA,NA,0
2018-12-22 14:38:26,"1280",14,NA,NA,0
2018-12-22 14:39:13,"1296",17,NA,NA,0
2018-12-22 14:39:19,"1296",32,NA,NA,0
2018-12-22 14:39:21,"537",17,NA,NA,0
2018-12-22 14:39:43,"1296",14,NA,NA,0
2018-12-22 14:39:51,"1296",17,NA,NA,0
2018-12-22 14:39:51,"537",24,NA,NA,0
2018-12-22 14:39:51,"537",27,NA,NA,0
2018-12-22 14:39:51,"537",25,NA,NA,0
2018-12-22 14:39:51,"537",28,NA,NA,0
2018-12-22 14:40:08,"1296",14,NA,NA,0
2018-12-22 14:40:21,"1296",14,NA,NA,0
2018-12-22 14:40:33,"1296",14,NA,NA,0
2018-12-22 14:40:46,"1296",14,NA,NA,0
2018-12-22 14:41:05,"2290",14,NA,NA,0
2018-12-22 14:41:11,"1296",14,NA,NA,0
2018-12-22 14:41:12,"537",17,NA,NA,0
2018-12-22 14:41:17,"1296",14,NA,NA,0
2018-12-22 14:41:27,"1296",14,NA,NA,0
2018-12-22 14:41:28,"1296",14,NA,NA,0
2018-12-22 14:41:32,"1296",14,NA,NA,0
2018-12-22 14:41:36,"1296",14,NA,NA,0
2018-12-22 14:41:41,"1296",17,NA,NA,0
2018-12-22 14:41:48,"1280",14,NA,NA,0
2018-12-22 14:42:17,"1296",14,NA,NA,0
2018-12-22 14:42:58,"537",14,NA,NA,0
2018-12-22 14:43:08,"537",14,NA,NA,0
2018-12-22 14:43:41,"1296",14,NA,NA,0
2018-12-22 14:13:06,"537",14,NA,NA,0
2018-12-22 14:44:00,"1296",14,NA,NA,0
2018-12-22 14:44:20,"1280",17,NA,NA,0
2018-12-22 14:44:33,"1280",17,NA,NA,0
2018-12-22 14:45:25,"1296",14,NA,NA,0
2018-12-22 14:45:26,"1296",14,NA,NA,0
2018-12-22 14:46:32,"086",26,NA,NA,0
2018-12-22 14:46:34,"086",2,NA,NA,0
2018-12-22 14:13:29,"537",14,NA,NA,0
2018-12-22 14:48:08,"1296",14,NA,NA,0
2018-12-22 14:13:31,"1",17,NA,NA,0
2018-12-22 14:48:40,"1296",14,NA,NA,0
2018-12-22 14:48:47,"1296",14,NA,NA,0
2018-12-22 14:49:01,"1296",14,NA,NA,0
2018-12-22 14:49:06,"1296",14,NA,NA,0
2018-12-22 14:49:18,"1280",2,NA,NA,0
2018-12-22 14:49:56,"1296",14,NA,NA,0
2018-12-22 14:50:04,"1296",14,NA,NA,0
2018-12-22 14:50:37,"537",14,NA,NA,0
2018-12-22 14:50:38,"537",14,NA,NA,0
2018-12-22 14:50:48,"537",14,NA,NA,0
2018-12-22 14:51:36,"1296",16,NA,NA,0
2018-12-22 14:52:10,"1296",17,NA,NA,0
2018-12-22 14:52:13,"1296",14,NA,NA,0
2018-12-22 14:52:22,"1280",17,NA,NA,0
2018-12-22 14:52:32,"1280",14,NA,NA,0
2018-12-22 14:52:37,"1296",17,NA,NA,0
2018-12-22 14:53:10,"1296",14,NA,NA,0
2018-12-22 14:53:25,"1296",14,NA,NA,0
2018-12-22 14:53:35,"2290",24,NA,NA,0
2018-12-22 14:53:35,"2290",25,NA,NA,0
2018-12-22 14:53:35,"2290",28,NA,NA,0
2018-12-22 14:53:35,"2290",27,NA,NA,0
2018-12-22 14:53:35,"2290",1,NA,NA,0
2018-12-22 14:53:36,"2290",24,NA,NA,0
2018-12-22 14:53:36,"2290",28,NA,NA,0
2018-12-22 14:53:36,"2290",27,NA,NA,0
2018-12-22 14:53:36,"2290",1,NA,NA,0
2018-12-22 14:53:36,"2290",25,NA,NA,0
2018-12-22 14:53:37,"1296",14,NA,NA,0
2018-12-22 14:53:39,"1296",14,NA,NA,0
2018-12-22 14:14:05,"537",14,NA,NA,0
2018-12-22 14:55:24,"1296",14,NA,NA,0
2018-12-22 14:14:14,"2290",2,NA,NA,0
2018-12-22 14:57:00,"1",17,NA,NA,0
2018-12-22 14:57:25,"2290",14,NA,NA,0
2018-12-22 14:57:59,"1296",14,NA,NA,0
2018-12-22 14:58:12,"1296",14,NA,NA,0
2018-12-22 14:58:32,"1296",14,NA,NA,0
2018-12-22 14:58:37,"1280",14,NA,NA,0
2018-12-22 14:59:02,"1296",14,NA,NA,0
2018-12-22 14:59:03,"1",17,NA,NA,0
2018-12-22 15:00:54,"1280",14,NA,NA,0
2018-12-22 15:01:22,"1296",17,NA,NA,0
2018-12-22 15:01:50,"1280",14,NA,NA,0
2018-12-22 15:01:57,"2290",14,NA,NA,0
2018-12-22 15:07:52,"086",1,NA,NA,0
2018-12-22 15:08:21,"086",27,NA,NA,0
2018-12-22 15:08:21,"086",28,NA,NA,0
2018-12-22 15:08:21,"086",25,NA,NA,0
2018-12-22 15:08:21,"086",24,NA,NA,0
2018-12-22 15:09:21,"537",17,NA,NA,0
2018-12-22 15:09:22,"537",14,NA,NA,0
2018-12-22 15:09:24,"537",14,NA,NA,0
2018-12-22 15:09:37,"537",14,NA,NA,0
2018-12-22 15:09:45,"537",14,NA,NA,0
2018-12-22 15:11:41,"1280",14,NA,NA,0
2018-12-22 15:11:43,"1280",14,NA,NA,0
2018-12-22 15:13:44,"1",32,NA,NA,0
2018-12-22 15:14:19,"2290",17,NA,NA,0
2018-12-22 15:15:14,"537",17,NA,NA,0
2018-12-22 15:16:05,"1",17,NA,NA,0
2018-12-22 15:16:09,"537",14,NA,NA,0
2018-12-22 15:16:11,"1",17,NA,NA,0
2018-12-22 15:16:25,"1280",14,NA,NA,0
2018-12-22 15:16:38,"1268",14,NA,NA,0
2018-12-22 15:16:42,"1268",14,NA,NA,0
2018-12-22 15:16:57,"1280",14,NA,NA,0
2018-12-22 15:17:22,"1296",17,NA,NA,0
2018-12-22 15:18:00,"1296",14,NA,NA,0
2018-12-22 15:18:08,"1296",14,NA,NA,0
2018-12-22 15:18:15,"1296",14,NA,NA,0
2018-12-22 15:18:16,"1",17,NA,NA,0
2018-12-22 15:18:20,"1296",14,NA,NA,0
2018-12-22 15:18:21,"1",17,NA,NA,0
2018-12-22 15:18:29,"1296",14,NA,NA,0
2018-12-22 15:18:37,"1296",14,NA,NA,0
2018-12-22 15:18:42,"1296",32,NA,NA,0
2018-12-22 15:18:53,"1296",14,NA,NA,0
2018-12-22 15:18:53,"1296",32,NA,NA,0
2018-12-22 15:18:57,"1296",14,NA,NA,0
2018-12-22 15:18:58,"1296",14,NA,NA,0
2018-12-22 15:19:07,"1296",14,NA,NA,0
2018-12-22 15:19:12,"1296",14,NA,NA,0
2018-12-22 15:19:14,"1296",14,NA,NA,0
2018-12-22 15:19:23,"1296",14,NA,NA,0
2018-12-22 15:19:31,"1296",14,NA,NA,0
2018-12-22 15:19:39,"1296",14,NA,NA,0
2018-12-22 15:19:42,"1296",14,NA,NA,0
2018-12-22 15:19:50,"1296",14,NA,NA,0
2018-12-22 15:19:58,"1296",14,NA,NA,0
2018-12-22 15:20:15,"1296",14,NA,NA,0
2018-12-22 15:20:16,"107",26,NA,NA,0
2018-12-22 15:20:17,"1296",14,NA,NA,0
2018-12-22 15:20:24,"1296",14,NA,NA,0
2018-12-22 15:21:03,"1296",14,NA,NA,0
2018-12-22 15:21:06,"1296",14,NA,NA,0
2018-12-22 15:21:10,"1296",14,NA,NA,0
2018-12-22 15:21:57,"1296",14,NA,NA,0
2018-12-22 15:22:00,"1296",14,NA,NA,0
2018-12-22 15:22:16,"1296",14,NA,NA,0
2018-12-22 15:04:27,"1296",17,NA,NA,0
2018-12-22 15:22:29,"1296",14,NA,NA,0
2018-12-22 15:22:34,"107",24,NA,NA,0
2018-12-22 15:22:34,"107",28,NA,NA,0
2018-12-22 15:22:49,"1296",17,NA,NA,0
2018-12-22 15:22:56,"1050",14,NA,NA,0
2018-12-22 15:23:26,"2290",17,NA,NA,0
2018-12-22 15:24:46,"1296",17,NA,NA,0
2018-12-22 15:24:51,"1296",14,NA,NA,0
2018-12-22 15:25:17,"2290",17,NA,NA,0
2018-12-22 15:25:23,"2290",14,NA,NA,0
2018-12-22 15:25:36,"1296",17,NA,NA,0
2018-12-22 15:25:42,"1296",14,NA,NA,0
2018-12-22 15:26:11,"1296",14,NA,NA,0
2018-12-22 15:26:15,"1296",14,NA,NA,0
2018-12-22 15:26:19,"537",26,NA,NA,0
2018-12-22 15:26:20,"537",2,NA,NA,0
2018-12-22 15:26:31,"537",14,NA,NA,0
2018-12-22 15:04:54,"1296",14,NA,NA,0
2018-12-22 15:26:47,"2290",14,NA,NA,0
2018-12-22 15:27:56,"537",14,NA,NA,0
2018-12-22 15:28:03,"1296",14,NA,NA,0
2018-12-22 15:28:15,"2290",14,NA,NA,0
2018-12-22 15:28:40,"2290",14,NA,NA,0
2018-12-22 15:28:45,"1280",14,NA,NA,0
2018-12-22 15:28:49,"537",14,NA,NA,0
2018-12-22 15:29:16,"537",14,NA,NA,0
2018-12-22 15:29:18,"537",14,NA,NA,0
2018-12-22 15:29:44,"537",14,NA,NA,0
2018-12-22 15:29:57,"537",17,NA,NA,0
2018-12-22 15:30:03,"537",14,NA,NA,0
2018-12-22 15:31:33,"2290",14,NA,NA,0
2018-12-22 15:31:34,"2290",14,NA,NA,0
2018-12-22 15:31:36,"2290",14,NA,NA,0
2018-12-22 15:05:38,"1296",14,NA,NA,0
2018-12-22 15:32:40,"1",17,NA,NA,0
2018-12-22 15:05:40,"1296",14,NA,NA,0
2018-12-22 16:23:52,"093",14,NA,NA,0
2018-12-22 15:33:34,"537",17,NA,NA,0
2018-12-22 15:34:09,"537",14,NA,NA,0
2018-12-22 15:34:35,"1296",14,NA,NA,0
2018-12-22 15:34:38,"537",17,NA,NA,0
2018-12-22 15:36:08,"537",14,NA,NA,0
2018-12-22 15:36:23,"537",17,NA,NA,0
2018-12-22 15:05:49,"1280",14,NA,NA,0
2018-12-22 15:37:36,"537",14,NA,NA,0
2018-12-22 15:38:08,"537",14,NA,NA,0
2018-12-22 15:38:24,"537",14,NA,NA,0
2018-12-22 15:38:35,"537",14,NA,NA,0
2018-12-22 15:39:15,"537",14,NA,NA,0
2018-12-22 15:40:07,"2290",14,NA,NA,0
2018-12-22 15:40:21,"1050",14,NA,NA,0
2018-12-22 15:40:55,"1280",17,NA,NA,0
2018-12-22 15:42:12,"1280",14,NA,NA,0
2018-12-22 15:42:44,"1280",17,NA,NA,0
2018-12-22 15:06:14,"2290",17,NA,NA,0
2018-12-22 15:43:03,"1296",17,NA,NA,0
2018-12-22 15:43:52,"1296",14,NA,NA,0
2018-12-22 15:45:40,"1296",1,NA,NA,0
2018-12-22 15:45:58,"2290",14,NA,NA,0
2018-12-22 15:46:19,"1296",14,NA,NA,0
2018-12-22 15:46:35,"1296",14,NA,NA,0
2018-12-22 15:46:50,"1296",14,NA,NA,0
2018-12-22 15:46:51,"1296",14,NA,NA,0
2018-12-22 15:47:12,"1296",14,NA,NA,0
2018-12-22 15:47:31,"1296",14,NA,NA,0
2018-12-22 15:47:36,"1296",14,NA,NA,0
2018-12-22 15:47:42,"1296",14,NA,NA,0
2018-12-22 15:47:47,"1296",14,NA,NA,0
2018-12-22 15:48:08,"1296",14,NA,NA,0
2018-12-22 15:48:25,"1296",14,NA,NA,0
2018-12-22 15:06:34,"1050",14,NA,NA,0
2018-12-22 15:48:50,"1296",14,NA,NA,0
2018-12-22 15:06:42,"537",17,NA,NA,0
2018-12-22 15:49:24,"537",14,NA,NA,0
2018-12-22 15:49:54,"1",17,NA,NA,0
2018-12-22 15:06:49,"537",17,NA,NA,0
2018-12-22 15:50:00,"1280",14,NA,NA,0
2018-12-22 15:50:01,"1",17,NA,NA,0
2018-12-22 15:50:22,"1296",14,NA,NA,0
2018-12-22 15:50:26,"1296",14,NA,NA,0
2018-12-22 15:50:34,"1",17,NA,NA,0
2018-12-22 15:50:46,"2290",14,NA,NA,0
2018-12-22 15:51:10,"1280",14,NA,NA,0
2018-12-22 15:51:19,"1296",21,NA,NA,0
2018-12-22 15:07:15,"2290",14,NA,NA,0
2018-12-22 15:56:02,"1280",14,NA,NA,0
2018-12-22 15:51:48,"1296",14,NA,NA,0
2018-12-22 15:52:02,"1296",14,NA,NA,0
2018-12-22 15:52:09,"1296",14,NA,NA,0
2018-12-22 15:52:27,"1268",17,NA,NA,0
2018-12-22 15:52:52,"537",14,NA,NA,0
2018-12-22 15:52:56,"2290",17,NA,NA,0
2018-12-22 15:53:14,"1296",14,NA,NA,0
2018-12-22 15:53:16,"1296",14,NA,NA,0
2018-12-22 15:53:29,"1296",14,NA,NA,0
2018-12-22 15:53:30,"1296",14,NA,NA,0
2018-12-22 15:53:50,"1",17,NA,NA,0
2018-12-22 15:54:41,"093",17,NA,NA,0
2018-12-22 15:54:42,"1",17,NA,NA,0
2018-12-22 15:54:47,"093",14,NA,NA,0
2018-12-22 15:55:27,"1296",14,NA,NA,0
2018-12-22 11:33:20,"537",17,NA,NA,0
2018-12-22 15:59:51,"2290",14,NA,NA,0
2018-12-22 16:01:07,"1296",17,NA,NA,0
2018-12-22 16:01:22,"1296",17,NA,NA,0
2018-12-22 16:01:44,"1296",14,NA,NA,0
2018-12-22 16:02:00,"1296",14,NA,NA,0
2018-12-22 16:02:01,"1296",14,NA,NA,0
2018-12-22 16:02:09,"1296",17,NA,NA,0
2018-12-22 16:02:15,"1",17,NA,NA,0
2018-12-22 16:02:17,"1296",14,NA,NA,0
2018-12-22 16:02:19,"1",17,NA,NA,0
2018-12-22 16:02:37,"1296",14,NA,NA,0
2018-12-22 16:02:52,"1296",14,NA,NA,0
2018-12-22 15:55:44,"1280",17,NA,NA,0
2018-12-22 15:55:51,"1296",14,NA,NA,0
2018-12-22 16:04:13,"1296",14,NA,NA,0
2018-12-22 16:04:16,"1050",14,NA,NA,0
2018-12-22 16:04:18,"1050",14,NA,NA,0
2018-12-22 16:04:27,"2290",14,NA,NA,0
2018-12-22 16:04:34,"1296",17,NA,NA,0
2018-12-22 16:04:45,"1296",17,NA,NA,0
2018-12-22 16:05:19,"2290",14,NA,NA,0
2018-12-22 16:05:22,"1296",14,NA,NA,0
2018-12-22 16:05:55,"1296",26,NA,NA,0
2018-12-22 16:07:01,"1296",24,NA,NA,0
2018-12-22 16:07:01,"1296",25,NA,NA,0
2018-12-22 16:07:01,"1296",27,NA,NA,0
2018-12-22 16:07:01,"1296",28,NA,NA,0
2018-12-22 16:07:20,"1280",14,NA,NA,0
2018-12-22 16:08:10,"1280",14,NA,NA,0
2018-12-22 16:08:15,"1280",17,NA,NA,0
2018-12-22 16:08:30,"2290",14,NA,NA,0
2018-12-22 16:08:39,"2290",14,NA,NA,0
2018-12-22 16:08:52,"2290",14,NA,NA,0
2018-12-22 16:09:10,"1280",14,NA,NA,0
2018-12-22 16:09:37,"1",17,NA,NA,0
2018-12-22 16:09:38,"1296",14,NA,NA,0
2018-12-22 16:09:46,"1",17,NA,NA,0
2018-12-22 16:09:59,"1296",14,NA,NA,0
2018-12-22 16:10:02,"093",14,NA,NA,0
2018-12-22 16:10:26,"1296",14,NA,NA,0
2018-12-22 16:10:27,"1296",14,NA,NA,0
2018-12-22 16:10:30,"537",14,NA,NA,0
2018-12-22 16:10:33,"537",14,NA,NA,0
2018-12-22 16:10:50,"537",14,NA,NA,0
2018-12-22 16:11:06,"2290",17,NA,NA,0
2018-12-22 16:11:25,"1296",14,NA,NA,0
2018-12-22 16:11:44,"2290",14,NA,NA,0
2018-12-22 16:11:56,"537",14,NA,NA,0
2018-12-22 16:20:34,"1296",14,NA,NA,0
2018-12-22 16:20:50,"1268",17,NA,NA,0
2018-12-22 16:21:10,"1296",17,NA,NA,0
2018-12-22 16:21:45,"1296",14,NA,NA,0
2018-12-22 16:22:01,"1296",14,NA,NA,0
2018-12-22 16:22:10,"093",14,NA,NA,0
2018-12-22 16:22:21,"1280",14,NA,NA,0
2018-12-22 16:22:23,"093",14,NA,NA,0
2018-12-22 16:22:37,"1296",14,NA,NA,0
2018-12-22 16:22:39,"1296",14,NA,NA,0
2018-12-22 16:22:52,"093",14,NA,NA,0
2018-12-22 16:23:11,"537",14,NA,NA,0
2018-12-22 16:23:34,"093",14,NA,NA,0
2018-12-22 16:23:35,"093",14,NA,NA,0
2018-12-22 16:24:03,"1296",14,NA,NA,0
2018-12-22 16:29:34,"1296",14,NA,NA,0
2018-12-22 16:30:01,"1296",14,NA,NA,0
2018-12-22 16:30:07,"1296",14,NA,NA,0
2018-12-22 16:30:22,"1296",17,NA,NA,0
2018-12-22 16:30:40,"1296",14,NA,NA,0
2018-12-22 16:30:41,"1296",14,NA,NA,0
2018-12-22 16:30:47,"1280",14,NA,NA,0
2018-12-22 16:31:06,"1296",14,NA,NA,0
2018-12-22 16:31:08,"1296",14,NA,NA,0
2018-12-22 16:31:10,"1296",14,NA,NA,0
2018-12-22 16:31:29,"1296",14,NA,NA,0
2018-12-22 16:31:30,"1296",14,NA,NA,0
2018-12-22 16:31:41,"1296",14,NA,NA,0
2018-12-22 16:33:00,"086",14,NA,NA,0
2018-12-22 16:39:32,"1280",14,NA,NA,0
2018-12-22 16:39:56,"1268",2,NA,NA,0
2018-12-22 16:40:03,"1280",14,NA,NA,0
2018-12-22 16:40:10,"537",14,NA,NA,0
2018-12-22 16:40:56,"093",14,NA,NA,0
2018-12-22 16:41:09,"1280",14,NA,NA,0
2018-12-22 16:41:10,"1280",14,NA,NA,0
2018-12-22 16:41:12,"1280",14,NA,NA,0
2018-12-22 16:41:27,"1296",14,NA,NA,0
2018-12-22 16:42:23,"537",17,NA,NA,0
2018-12-22 16:49:41,"1296",14,NA,NA,0
2018-12-22 16:50:02,"1296",14,NA,NA,0
2018-12-22 16:50:03,"1296",14,NA,NA,0
2018-12-22 16:50:42,"1296",14,NA,NA,0
2018-12-22 16:51:08,"1296",14,NA,NA,0
2018-12-22 16:52:12,"086",17,NA,NA,0
2018-12-22 16:52:29,"093",14,NA,NA,0
2018-12-22 16:52:39,"537",17,NA,NA,0
2018-12-22 16:53:32,"2290",14,NA,NA,0
2018-12-22 16:13:51,"1296",14,NA,NA,0
2018-12-22 16:13:58,"2290",14,NA,NA,0
2018-12-22 16:14:10,"1268",14,NA,NA,0
2018-12-22 16:14:41,"093",14,NA,NA,0
2018-12-22 16:14:48,"2290",17,NA,NA,0
2018-12-22 16:15:36,"086",14,NA,NA,0
2018-12-22 16:16:40,"1",17,NA,NA,0
2018-12-22 16:16:52,"1296",14,NA,NA,0
2018-12-22 16:17:06,"1296",17,NA,NA,0
2018-12-22 16:17:29,"1296",32,NA,NA,0
2018-12-22 16:17:31,"1296",14,NA,NA,0
2018-12-22 16:17:32,"1296",14,NA,NA,0
2018-12-22 16:17:33,"1296",14,NA,NA,0
2018-12-22 16:17:36,"1280",17,NA,NA,0
2018-12-22 16:18:10,"1296",17,NA,NA,0
2018-12-22 16:18:20,"1296",17,NA,NA,0
2018-12-22 16:18:21,"093",17,NA,NA,0
2018-12-22 16:18:25,"1296",14,NA,NA,0
2018-12-22 16:18:34,"1296",14,NA,NA,0
2018-12-22 16:18:40,"1296",14,NA,NA,0
2018-12-22 16:18:48,"1296",14,NA,NA,0
2018-12-22 16:18:57,"1296",14,NA,NA,0
2018-12-22 16:19:04,"1296",14,NA,NA,0
2018-12-22 16:19:21,"1296",17,NA,NA,0
2018-12-22 16:19:32,"1296",14,NA,NA,0
2018-12-22 16:19:44,"2290",14,NA,NA,0
2018-12-22 16:19:57,"1296",14,NA,NA,0
2018-12-22 16:19:59,"1296",14,NA,NA,0
2018-12-22 16:20:13,"1296",32,NA,NA,0
2018-12-22 16:20:27,"1296",14,NA,NA,0
2018-12-22 16:24:27,"1296",17,NA,NA,0
2018-12-22 16:24:47,"093",17,NA,NA,0
2018-12-22 16:24:52,"093",17,NA,NA,0
2018-12-22 16:26:01,"537",14,NA,NA,0
2018-12-22 16:26:26,"537",17,NA,NA,0
2018-12-22 16:26:28,"537",17,NA,NA,0
2018-12-22 16:27:12,"1296",2,NA,NA,0
2018-12-22 16:27:45,"1296",17,NA,NA,0
2018-12-22 16:27:55,"1296",14,NA,NA,0
2018-12-22 16:27:56,"1296",14,NA,NA,0
2018-12-22 16:27:58,"1296",14,NA,NA,0
2018-12-22 16:28:11,"1296",14,NA,NA,0
2018-12-22 16:28:12,"1296",14,NA,NA,0
2018-12-22 16:34:15,"1296",14,NA,NA,0
2018-12-22 16:34:46,"1296",14,NA,NA,0
2018-12-22 16:34:53,"2290",17,NA,NA,0
2018-12-22 16:34:59,"537",17,NA,NA,0
2018-12-22 16:35:01,"2290",17,NA,NA,0
2018-12-22 16:35:37,"2290",17,NA,NA,0
2018-12-22 16:35:43,"2290",17,NA,NA,0
2018-12-22 16:36:25,"1280",14,NA,NA,0
2018-12-22 16:36:47,"1280",14,NA,NA,0
2018-12-22 16:37:44,"537",14,NA,NA,0
2018-12-22 16:37:50,"1280",14,NA,NA,0
2018-12-22 16:37:54,"537",14,NA,NA,0
2018-12-22 16:39:09,"537",14,NA,NA,0
2018-12-22 16:39:11,"537",17,NA,NA,0
2018-12-22 16:39:20,"537",14,NA,NA,0
2018-12-22 16:44:20,"1296",14,NA,NA,0
2018-12-22 16:45:03,"1280",14,NA,NA,0
2018-12-22 16:45:05,"1280",14,NA,NA,0
2018-12-22 16:45:06,"1280",14,NA,NA,0
2018-12-22 16:46:08,"1280",14,NA,NA,0
2018-12-22 16:46:27,"1280",14,NA,NA,0
2018-12-22 16:46:54,"1280",14,NA,NA,0
2018-12-22 16:47:02,"1296",14,NA,NA,0
2018-12-22 16:48:20,"1280",14,NA,NA,0
2018-12-22 16:48:22,"1280",14,NA,NA,0
2018-12-22 16:48:50,"1296",14,NA,NA,0
2018-12-22 16:48:52,"1280",14,NA,NA,0
2018-12-22 16:48:57,"1296",14,NA,NA,0
2018-12-22 16:49:09,"1280",14,NA,NA,0
2018-12-22 16:54:14,"093",14,NA,NA,0
2018-12-22 16:54:36,"093",32,NA,NA,0
2018-12-22 16:54:39,"537",14,NA,NA,0
2018-12-22 16:54:44,"093",17,NA,NA,0
2018-12-22 16:54:45,"1280",14,NA,NA,0
2018-12-22 16:54:47,"093",14,NA,NA,0
2018-12-22 16:55:04,"1280",14,NA,NA,0
2018-12-22 16:55:21,"093",14,NA,NA,0
2018-12-22 16:55:41,"093",14,NA,NA,0
2018-12-22 16:56:31,"1280",14,NA,NA,0
2018-12-22 16:56:48,"1280",14,NA,NA,0
2018-12-22 16:57:03,"2290",14,NA,NA,0
2018-12-22 16:57:29,"1280",14,NA,NA,0
2018-12-22 16:57:38,"537",14,NA,NA,0
2018-12-22 17:00:01,"537",14,NA,NA,0
2018-12-22 17:00:18,"537",14,NA,NA,0
2018-12-22 17:00:48,"1296",14,NA,NA,0
2018-12-22 17:00:59,"1280",14,NA,NA,0
2018-12-22 17:01:07,"1296",14,NA,NA,0
2018-12-22 17:01:20,"1296",14,NA,NA,0
2018-12-22 17:01:28,"2290",32,NA,NA,0
2018-12-22 17:01:40,"1296",17,NA,NA,0
2018-12-22 17:01:46,"1296",14,NA,NA,0
2018-12-22 17:06:46,"1296",14,NA,NA,0
2018-12-22 17:07:38,"1296",14,NA,NA,0
2018-12-22 17:07:51,"1296",14,NA,NA,0
2018-12-22 17:08:12,"093",14,NA,NA,0
2018-12-22 17:08:23,"093",14,NA,NA,0
2018-12-22 17:08:35,"093",17,NA,NA,0
2018-12-22 17:08:51,"1296",14,NA,NA,0
2018-12-22 17:08:52,"1296",14,NA,NA,0
2018-12-22 17:09:04,"1296",14,NA,NA,0
2018-12-22 17:09:04,"093",14,NA,NA,0
2018-12-22 17:09:10,"537",14,NA,NA,0
2018-12-22 17:09:11,"1296",14,NA,NA,0
2018-12-22 17:09:19,"093",14,NA,NA,0
2018-12-22 17:09:21,"537",14,NA,NA,0
2018-12-22 17:09:26,"537",17,NA,NA,0
2018-12-22 17:09:26,"537",17,NA,NA,0
2018-12-22 17:09:36,"537",17,NA,NA,0
2018-12-22 17:09:36,"537",14,NA,NA,0
2018-12-22 17:09:37,"537",14,NA,NA,0
2018-12-22 17:09:39,"093",14,NA,NA,0
2018-12-22 17:10:29,"093",14,NA,NA,0
2018-12-22 17:10:30,"1296",14,NA,NA,0
2018-12-22 17:10:46,"1296",14,NA,NA,0
2018-12-22 17:19:52,"537",17,NA,NA,0
2018-12-22 17:19:55,"1280",14,NA,NA,0
2018-12-22 17:20:01,"537",17,NA,NA,0
2018-12-22 17:20:42,"1296",17,NA,NA,0
2018-12-22 17:21:07,"1296",17,NA,NA,0
2018-12-22 17:21:36,"1296",14,NA,NA,0
2018-12-22 17:21:44,"1296",14,NA,NA,0
2018-12-22 17:22:02,"086",17,NA,NA,0
2018-12-22 17:22:06,"086",17,NA,NA,0
2018-12-22 17:22:07,"1296",14,NA,NA,0
2018-12-22 17:22:20,"1296",14,NA,NA,0
2018-12-22 17:22:24,"093",14,NA,NA,0
2018-12-22 17:22:26,"093",14,NA,NA,0
2018-12-22 17:22:32,"1280",14,NA,NA,0
2018-12-22 17:22:52,"1296",17,NA,NA,0
2018-12-22 17:22:56,"1296",17,NA,NA,0
2018-12-22 17:23:07,"1296",14,NA,NA,0
2018-12-22 17:23:22,"1296",14,NA,NA,0
2018-12-22 17:23:32,"1296",14,NA,NA,0
2018-12-22 17:23:38,"1296",17,NA,NA,0
2018-12-22 17:23:55,"1296",14,NA,NA,0
2018-12-22 17:24:22,"093",14,NA,NA,0
2018-12-22 17:24:24,"1296",17,NA,NA,0
2018-12-22 17:24:37,"093",14,NA,NA,0
2018-12-22 17:24:42,"1296",17,NA,NA,0
2018-12-22 17:29:28,"093",14,NA,NA,0
2018-12-22 17:29:58,"537",14,NA,NA,0
2018-12-22 17:30:05,"1296",14,NA,NA,0
2018-12-22 17:30:15,"1296",14,NA,NA,0
2018-12-22 17:30:32,"1296",14,NA,NA,0
2018-12-22 17:31:15,"1296",14,NA,NA,0
2018-12-22 17:31:59,"1296",14,NA,NA,0
2018-12-22 17:32:07,"1296",14,NA,NA,0
2018-12-22 17:32:12,"1296",17,NA,NA,0
2018-12-22 17:32:16,"1296",14,NA,NA,0
2018-12-22 17:32:18,"1296",17,NA,NA,0
2018-12-22 17:32:50,"093",14,NA,NA,0
2018-12-22 17:33:34,"1280",14,NA,NA,0
2018-12-22 17:34:38,"093",14,NA,NA,0
2018-12-22 17:35:00,"1296",14,NA,NA,0
2018-12-22 17:45:04,"1280",14,NA,NA,0
2018-12-22 17:46:05,"1296",14,NA,NA,0
2018-12-22 17:46:19,"1280",14,NA,NA,0
2018-12-22 17:46:21,"1280",14,NA,NA,0
2018-12-22 17:46:41,"1296",14,NA,NA,0
2018-12-22 17:46:52,"1280",14,NA,NA,0
2018-12-22 17:46:54,"1280",14,NA,NA,0
2018-12-22 17:47:03,"1296",14,NA,NA,0
2018-12-22 17:47:30,"1296",14,NA,NA,0
2018-12-22 17:48:41,"1296",14,NA,NA,0
2018-12-22 17:48:41,"093",14,NA,NA,0
2018-12-22 17:48:46,"093",17,NA,NA,0
2018-12-22 17:48:58,"093",14,NA,NA,0
2018-12-22 17:50:25,"093",14,NA,NA,0
2018-12-22 17:50:37,"1296",14,NA,NA,0
2018-12-22 17:51:03,"093",14,NA,NA,0
2018-12-22 18:04:38,"1296",14,NA,NA,0
2018-12-22 18:06:08,"1296",14,NA,NA,0
2018-12-22 18:06:11,"1280",14,NA,NA,0
2018-12-22 18:06:31,"1296",17,NA,NA,0
2018-12-22 18:06:35,"1296",17,NA,NA,0
2018-12-22 18:06:51,"1296",17,NA,NA,0
2018-12-22 18:06:57,"1296",14,NA,NA,0
2018-12-22 18:07:00,"1296",14,NA,NA,0
2018-12-22 18:07:04,"1296",14,NA,NA,0
2018-12-22 18:07:15,"1296",14,NA,NA,0
2018-12-22 18:07:35,"1296",32,NA,NA,0
2018-12-22 18:10:28,"093",14,NA,NA,0
2018-12-22 18:10:29,"093",14,NA,NA,0
2018-12-22 18:10:43,"1296",14,NA,NA,0
2018-12-22 18:10:45,"537",17,NA,NA,0
2018-12-22 18:11:02,"093",14,NA,NA,0
2018-12-22 18:11:12,"1296",14,NA,NA,0
2018-12-22 18:11:28,"537",14,NA,NA,0
2018-12-22 18:11:39,"1296",14,NA,NA,0
2018-12-22 18:11:49,"1296",14,NA,NA,0
2018-12-22 18:11:50,"537",14,NA,NA,0
2018-12-22 18:11:58,"1296",14,NA,NA,0
2018-12-22 18:21:15,"093",17,NA,NA,0
2018-12-22 18:21:16,"537",14,NA,NA,0
2018-12-22 18:21:53,"1280",21,NA,NA,0
2018-12-22 18:22:15,"1296",14,NA,NA,0
2018-12-22 18:22:26,"1296",14,NA,NA,0
2018-12-22 18:23:34,"1280",14,NA,NA,0
2018-12-22 18:23:35,"1280",14,NA,NA,0
2018-12-22 18:23:53,"1296",17,NA,NA,0
2018-12-22 18:24:00,"1296",14,NA,NA,0
2018-12-22 18:24:00,"1296",17,NA,NA,0
2018-12-22 18:24:24,"1296",14,NA,NA,0
2018-12-22 18:24:38,"1296",14,NA,NA,0
2018-12-22 18:32:25,"537",14,NA,NA,0
2018-12-22 18:32:36,"1280",14,NA,NA,0
2018-12-22 18:34:47,"537",14,NA,NA,0
2018-12-22 18:35:39,"1",17,NA,NA,0
2018-12-22 18:55:13,"1296",14,NA,NA,0
2018-12-22 18:55:14,"1296",14,NA,NA,0
2018-12-22 18:55:56,"537",14,NA,NA,0
2018-12-22 18:58:24,"1296",14,NA,NA,0
2018-12-22 18:58:42,"1296",14,NA,NA,0
2018-12-22 18:59:39,"537",17,NA,NA,0
2018-12-22 18:59:43,"537",17,NA,NA,0
2018-12-22 19:00:21,"1296",14,NA,NA,0
2018-12-22 19:00:46,"1296",14,NA,NA,0
2018-12-22 19:00:53,"1296",14,NA,NA,0
2018-12-22 19:02:26,"1296",14,NA,NA,0
2018-12-22 19:02:41,"1296",14,NA,NA,0
2018-12-22 19:02:48,"1296",14,NA,NA,0
2018-12-22 19:02:55,"1296",14,NA,NA,0
2018-12-22 19:04:46,"093",14,NA,NA,0
2018-12-22 19:05:17,"1280",14,NA,NA,0
2018-12-22 19:05:20,"093",14,NA,NA,0
2018-12-22 19:05:26,"1296",14,NA,NA,0
2018-12-22 19:05:27,"1",26,NA,NA,0
2018-12-22 19:05:27,"1296",14,NA,NA,0
2018-12-22 19:05:28,"1",2,NA,NA,0
2018-12-22 19:05:49,"537",14,NA,NA,0
2018-12-22 19:09:13,"1296",14,NA,NA,0
2018-12-22 19:09:26,"1296",14,NA,NA,0
2018-12-22 19:11:10,"1296",32,NA,NA,0
2018-12-22 19:11:46,"1296",14,NA,NA,0
2018-12-22 19:11:48,"1296",14,NA,NA,0
2018-12-22 19:11:59,"1296",14,NA,NA,0
2018-12-22 19:12:12,"1280",17,NA,NA,0
2018-12-22 19:12:20,"1296",14,NA,NA,0
2018-12-22 19:12:45,"086",17,NA,NA,0
2018-12-22 19:14:04,"1296",14,NA,NA,0
2018-12-22 19:14:06,"1280",14,NA,NA,0
2018-12-22 19:14:13,"1050",2,NA,NA,0
2018-12-22 19:15:38,"1296",14,NA,NA,0
2018-12-22 19:15:39,"1296",14,NA,NA,0
2018-12-22 19:15:44,"1280",14,NA,NA,0
2018-12-22 19:16:02,"1280",14,NA,NA,0
2018-12-22 19:16:03,"1280",14,NA,NA,0
2018-12-22 19:17:48,"1296",14,NA,NA,0
2018-12-22 19:19:52,"093",14,NA,NA,0
2018-12-22 19:20:23,"1296",32,NA,NA,0
2018-12-22 19:20:31,"1280",14,NA,NA,0
2018-12-22 19:20:33,"1280",14,NA,NA,0
2018-12-22 19:20:34,"1296",14,NA,NA,0
2018-12-22 19:20:35,"1296",14,NA,NA,0
2018-12-22 19:20:38,"093",14,NA,NA,0
2018-12-22 19:20:39,"093",14,NA,NA,0
2018-12-22 19:21:54,"093",14,NA,NA,0
2018-12-22 19:23:48,"1280",14,NA,NA,0
2018-12-22 19:23:50,"1280",14,NA,NA,0
2018-12-22 19:23:57,"1296",14,NA,NA,0
2018-12-22 19:24:49,"093",17,NA,NA,0
2018-12-22 19:24:50,"1296",14,NA,NA,0
2018-12-22 19:25:42,"093",14,NA,NA,0
2018-12-22 19:27:04,"093",14,NA,NA,0
2018-12-22 19:27:11,"1296",14,NA,NA,0
2018-12-22 19:27:14,"093",14,NA,NA,0
2018-12-22 19:28:35,"093",17,NA,NA,0
2018-12-22 19:28:40,"093",17,NA,NA,0
2018-12-22 19:32:28,"1280",17,NA,NA,0
2018-12-22 19:33:31,"1296",14,NA,NA,0
2018-12-22 19:33:44,"1280",14,NA,NA,0
2018-12-22 19:33:57,"1296",14,NA,NA,0
2018-12-22 19:33:59,"1296",14,NA,NA,0
2018-12-22 19:34:00,"1296",14,NA,NA,0
2018-12-22 19:34:47,"093",14,NA,NA,0
2018-12-22 19:34:57,"1296",14,NA,NA,0
2018-12-22 19:36:18,"1296",14,NA,NA,0
2018-12-22 19:36:20,"1296",14,NA,NA,0
2018-12-22 19:36:52,"1296",14,NA,NA,0
2018-12-22 19:36:53,"1280",14,NA,NA,0
2018-12-22 19:36:54,"1296",17,NA,NA,0
2018-12-22 19:36:54,"1296",14,NA,NA,0
2018-12-22 19:36:59,"1296",17,NA,NA,0
2018-12-22 19:37:11,"1296",14,NA,NA,0
2018-12-22 19:37:12,"1296",14,NA,NA,0
2018-12-22 19:37:24,"1296",17,NA,NA,0
2018-12-22 19:37:36,"1296",14,NA,NA,0
2018-12-22 19:37:52,"1296",14,NA,NA,0
2018-12-22 19:37:54,"1280",14,NA,NA,0
2018-12-22 19:38:02,"1296",14,NA,NA,0
2018-12-22 19:38:09,"1296",14,NA,NA,0
2018-12-22 19:38:10,"1296",14,NA,NA,0
2018-12-22 19:38:17,"1296",14,NA,NA,0
2018-12-22 19:38:32,"1296",17,NA,NA,0
2018-12-22 19:38:37,"1296",17,NA,NA,0
2018-12-22 19:39:15,"1296",14,NA,NA,0
2018-12-22 19:40:05,"1296",14,NA,NA,0
2018-12-22 19:40:13,"1296",14,NA,NA,0
2018-12-22 19:40:53,"1296",14,NA,NA,0
2018-12-22 19:41:08,"1296",14,NA,NA,0
2018-12-22 19:41:13,"1296",17,NA,NA,0
2018-12-22 19:42:37,"1296",14,NA,NA,0
2018-12-22 19:42:56,"1296",14,NA,NA,0
2018-12-22 19:43:16,"1296",14,NA,NA,0
2018-12-22 19:43:17,"1296",14,NA,NA,0
2018-12-22 19:44:16,"1296",14,NA,NA,0
2018-12-22 19:44:36,"1296",14,NA,NA,0
2018-12-22 19:44:43,"537",14,NA,NA,0
2018-12-22 19:46:09,"1296",14,NA,NA,0
2018-12-22 19:46:43,"1280",14,NA,NA,0
2018-12-22 19:48:40,"1296",14,NA,NA,0
2018-12-22 19:48:42,"1296",14,NA,NA,0
2018-12-22 19:48:49,"1296",14,NA,NA,0
2018-12-22 19:49:01,"1296",14,NA,NA,0
2018-12-22 19:49:05,"1296",17,NA,NA,0
2018-12-22 19:49:36,"1296",14,NA,NA,0
2018-12-22 19:49:53,"1296",14,NA,NA,0
2018-12-22 19:50:17,"1296",14,NA,NA,0
2018-12-22 19:50:26,"1280",17,NA,NA,0
2018-12-22 19:52:21,"1280",14,NA,NA,0
2018-12-22 19:52:25,"1296",14,NA,NA,0
2018-12-22 19:52:40,"093",26,NA,NA,0
2018-12-22 19:52:56,"093",2,NA,NA,0
2018-12-22 19:53:03,"1296",14,NA,NA,0
2018-12-22 19:53:23,"1296",17,NA,NA,0
2018-12-22 19:53:36,"537",14,NA,NA,0
2018-12-22 19:54:32,"1296",14,NA,NA,0
2018-12-22 19:55:18,"1296",17,NA,NA,0
2018-12-22 19:55:22,"1296",17,NA,NA,0
2018-12-22 19:56:31,"1280",14,NA,NA,0
2018-12-22 19:59:41,"537",14,NA,NA,0
2018-12-22 20:00:16,"537",14,NA,NA,0
2018-12-22 20:00:53,"1296",14,NA,NA,0
2018-12-22 20:00:57,"1296",14,NA,NA,0
2018-12-22 20:00:58,"1296",14,NA,NA,0
2018-12-22 20:01:00,"1296",14,NA,NA,0
2018-12-22 20:02:23,"1296",14,NA,NA,0
2018-12-22 20:02:52,"537",32,NA,NA,0
2018-12-22 20:02:55,"1296",14,NA,NA,0
2018-12-22 20:14:49,"537",14,NA,NA,0
2018-12-22 20:15:05,"537",14,NA,NA,0
2018-12-22 20:16:48,"537",32,NA,NA,0
2018-12-22 20:17:31,"1296",14,NA,NA,0
2018-12-22 20:19:42,"1296",14,NA,NA,0
2018-12-22 20:19:45,"1296",14,NA,NA,0
2018-12-22 20:20:16,"1296",14,NA,NA,0
2018-12-22 20:20:56,"1280",14,NA,NA,0
2018-12-22 20:21:19,"1296",14,NA,NA,0
2018-12-22 20:21:33,"1296",17,NA,NA,0
2018-12-22 20:21:34,"1296",14,NA,NA,0
2018-12-22 20:25:27,"1296",14,NA,NA,0
2018-12-22 20:27:22,"1296",17,NA,NA,0
2018-12-22 20:30:23,"537",14,NA,NA,0
2018-12-22 20:30:25,"1296",32,NA,NA,0
2018-12-22 20:30:36,"1296",32,NA,NA,0
2018-12-22 20:30:36,"537",14,NA,NA,0
2018-12-22 20:32:13,"1296",17,NA,NA,0
2018-12-22 20:32:21,"1296",14,NA,NA,0
2018-12-22 17:02:27,"1280",14,NA,NA,0
2018-12-22 17:02:28,"1296",14,NA,NA,0
2018-12-22 17:02:46,"1296",14,NA,NA,0
2018-12-22 17:02:47,"1296",14,NA,NA,0
2018-12-22 17:03:09,"1296",32,NA,NA,0
2018-12-22 17:03:15,"1296",32,NA,NA,0
2018-12-22 17:03:16,"093",14,NA,NA,0
2018-12-22 17:03:27,"2290",17,NA,NA,0
2018-12-22 17:03:32,"2290",32,NA,NA,0
2018-12-22 17:03:38,"1296",14,NA,NA,0
2018-12-22 17:03:39,"2290",32,NA,NA,0
2018-12-22 17:03:45,"537",14,NA,NA,0
2018-12-22 17:03:49,"1296",14,NA,NA,0
2018-12-22 17:03:58,"1296",14,NA,NA,0
2018-12-22 17:04:02,"537",14,NA,NA,0
2018-12-22 17:04:10,"537",14,NA,NA,0
2018-12-22 17:04:12,"537",14,NA,NA,0
2018-12-22 17:04:17,"1296",14,NA,NA,0
2018-12-22 17:05:20,"1296",17,NA,NA,0
2018-12-22 17:05:25,"093",14,NA,NA,0
2018-12-22 17:11:47,"537",14,NA,NA,0
2018-12-22 17:12:15,"1296",17,NA,NA,0
2018-12-22 17:12:42,"537",14,NA,NA,0
2018-12-22 17:12:50,"1296",14,NA,NA,0
2018-12-22 17:12:51,"537",14,NA,NA,0
2018-12-22 17:12:58,"537",14,NA,NA,0
2018-12-22 17:13:24,"1296",14,NA,NA,0
2018-12-22 17:13:41,"1296",14,NA,NA,0
2018-12-22 17:13:50,"1296",14,NA,NA,0
2018-12-22 17:13:58,"1296",14,NA,NA,0
2018-12-22 17:14:03,"537",14,NA,NA,0
2018-12-22 17:14:20,"1296",17,NA,NA,0
2018-12-22 17:15:00,"537",14,NA,NA,0
2018-12-22 17:15:10,"1296",14,NA,NA,0
2018-12-22 17:15:12,"1296",14,NA,NA,0
2018-12-22 17:15:14,"537",14,NA,NA,0
2018-12-22 17:15:33,"1296",16,NA,NA,0
2018-12-22 17:15:59,"537",14,NA,NA,0
2018-12-22 17:16:16,"537",14,NA,NA,0
2018-12-22 17:16:20,"1296",14,NA,NA,0
2018-12-22 17:16:34,"1296",14,NA,NA,0
2018-12-22 17:16:48,"537",17,NA,NA,0
2018-12-22 17:16:58,"1296",14,NA,NA,0
2018-12-22 17:17:44,"537",16,NA,NA,0
2018-12-22 17:18:01,"537",14,NA,NA,0
2018-12-22 17:18:19,"537",14,NA,NA,0
2018-12-22 17:18:20,"537",14,NA,NA,0
2018-12-22 17:19:35,"1296",14,NA,NA,0
2018-12-22 17:24:54,"1296",14,NA,NA,0
2018-12-22 17:25:06,"2290",26,NA,NA,0
2018-12-22 17:25:06,"2290",2,NA,NA,0
2018-12-22 17:25:08,"1296",14,NA,NA,0
2018-12-22 17:25:09,"1296",14,NA,NA,0
2018-12-22 17:25:17,"2290",26,NA,NA,0
2018-12-22 17:25:17,"2290",2,NA,NA,0
2018-12-22 17:25:27,"1296",14,NA,NA,0
2018-12-22 17:25:41,"1296",14,NA,NA,0
2018-12-22 17:25:53,"1296",17,NA,NA,0
2018-12-22 17:26:27,"1280",17,NA,NA,0
2018-12-22 17:26:50,"093",14,NA,NA,0
2018-12-22 17:27:04,"1296",17,NA,NA,0
2018-12-22 17:27:10,"086",14,NA,NA,0
2018-12-22 17:27:15,"1296",14,NA,NA,0
2018-12-22 17:27:26,"093",14,NA,NA,0
2018-12-22 17:27:28,"093",14,NA,NA,0
2018-12-22 17:28:14,"093",17,NA,NA,0
2018-12-22 17:28:31,"093",14,NA,NA,0
2018-12-22 17:28:49,"093",14,NA,NA,0
2018-12-22 17:28:51,"093",14,NA,NA,0
2018-12-22 17:38:21,"093",14,NA,NA,0
2018-12-22 17:38:55,"1296",14,NA,NA,0
2018-12-22 17:39:17,"1296",14,NA,NA,0
2018-12-22 17:39:29,"1296",14,NA,NA,0
2018-12-22 17:39:43,"093",17,NA,NA,0
2018-12-22 17:39:44,"1296",14,NA,NA,0
2018-12-22 17:39:49,"1296",17,NA,NA,0
2018-12-22 17:40:07,"1280",14,NA,NA,0
2018-12-22 17:40:08,"093",14,NA,NA,0
2018-12-22 17:40:34,"093",14,NA,NA,0
2018-12-22 17:40:35,"093",14,NA,NA,0
2018-12-22 17:41:02,"1296",14,NA,NA,0
2018-12-22 17:41:21,"1296",14,NA,NA,0
2018-12-22 17:41:42,"093",14,NA,NA,0
2018-12-22 17:41:58,"093",14,NA,NA,0
2018-12-22 17:41:59,"093",14,NA,NA,0
2018-12-22 17:42:04,"1280",14,NA,NA,0
2018-12-22 17:42:37,"2290",26,NA,NA,0
2018-12-22 17:42:51,"1296",14,NA,NA,0
2018-12-22 17:43:11,"1296",14,NA,NA,0
2018-12-22 17:44:23,"1296",17,NA,NA,0
2018-12-22 17:51:10,"1280",14,NA,NA,0
2018-12-22 17:52:31,"093",17,NA,NA,0
2018-12-22 17:52:31,"1280",17,NA,NA,0
2018-12-22 17:52:37,"1280",14,NA,NA,0
2018-12-22 17:52:38,"1280",14,NA,NA,0
2018-12-22 17:52:46,"093",14,NA,NA,0
2018-12-22 17:53:08,"2290",2,NA,NA,0
2018-12-22 17:53:18,"1296",17,NA,NA,0
2018-12-22 17:54:33,"093",14,NA,NA,0
2018-12-22 17:55:05,"1296",17,NA,NA,0
2018-12-22 17:55:13,"1296",14,NA,NA,0
2018-12-22 17:55:31,"1280",14,NA,NA,0
2018-12-22 17:56:11,"1296",14,NA,NA,0
2018-12-22 17:56:21,"1296",14,NA,NA,0
2018-12-22 17:56:41,"1296",14,NA,NA,0
2018-12-22 17:56:45,"093",17,NA,NA,0
2018-12-22 17:57:59,"093",16,NA,NA,0
2018-12-22 17:58:28,"1296",14,NA,NA,0
2018-12-22 17:58:31,"093",14,NA,NA,0
2018-12-22 17:58:33,"1280",17,NA,NA,0
2018-12-22 17:58:44,"1296",14,NA,NA,0
2018-12-22 18:00:08,"093",14,NA,NA,0
2018-12-22 18:00:41,"1280",32,NA,NA,0
2018-12-22 18:02:14,"093",14,NA,NA,0
2018-12-22 18:02:32,"093",14,NA,NA,0
2018-12-22 18:03:19,"1296",17,NA,NA,0
2018-12-22 18:03:29,"1296",14,NA,NA,0
2018-12-22 18:03:45,"1296",14,NA,NA,0
2018-12-22 18:04:15,"1296",14,NA,NA,0
2018-12-22 18:04:16,"1296",14,NA,NA,0
2018-12-22 18:04:23,"1296",14,NA,NA,0
2018-12-22 18:12:41,"093",14,NA,NA,0
2018-12-22 18:12:47,"1296",14,NA,NA,0
2018-12-22 18:13:17,"1296",14,NA,NA,0
2018-12-22 18:13:18,"1296",14,NA,NA,0
2018-12-22 18:13:20,"1296",14,NA,NA,0
2018-12-22 18:13:31,"1296",14,NA,NA,0
2018-12-22 18:13:50,"093",14,NA,NA,0
2018-12-22 18:13:55,"093",14,NA,NA,0
2018-12-22 18:14:18,"1296",17,NA,NA,0
2018-12-22 18:14:23,"1280",14,NA,NA,0
2018-12-22 18:14:24,"1296",17,NA,NA,0
2018-12-22 18:14:25,"1280",14,NA,NA,0
2018-12-22 18:14:30,"093",14,NA,NA,0
2018-12-22 18:14:36,"1296",14,NA,NA,0
2018-12-22 18:14:44,"093",14,NA,NA,0
2018-12-22 18:15:17,"093",17,NA,NA,0
2018-12-22 18:15:30,"1296",14,NA,NA,0
2018-12-22 18:15:38,"093",14,NA,NA,0
2018-12-22 18:15:43,"093",14,NA,NA,0
2018-12-22 18:15:48,"093",14,NA,NA,0
2018-12-22 18:16:25,"1296",14,NA,NA,0
2018-12-22 18:16:54,"1280",14,NA,NA,0
2018-12-22 18:17:53,"537",14,NA,NA,0
2018-12-22 18:26:40,"537",14,NA,NA,0
2018-12-22 18:28:12,"537",17,NA,NA,0
2018-12-22 18:28:20,"537",32,NA,NA,0
2018-12-22 18:39:27,"1",17,NA,NA,0
2018-12-22 18:40:20,"1296",14,NA,NA,0
2018-12-22 18:40:28,"1296",32,NA,NA,0
2018-12-22 18:45:29,"1296",17,NA,NA,0
2018-12-22 18:45:36,"1296",17,NA,NA,0
2018-12-22 18:47:04,"537",17,NA,NA,0
2018-12-22 18:47:17,"1",17,NA,NA,0
2018-12-22 18:47:25,"537",17,NA,NA,0
2018-12-22 18:48:16,"537",14,NA,NA,0
2018-12-22 18:48:23,"1296",14,NA,NA,0
2018-12-22 18:48:54,"537",14,NA,NA,0
2018-12-22 18:49:21,"537",14,NA,NA,0
2018-12-22 18:49:35,"537",14,NA,NA,0
2018-12-22 18:50:04,"1050",14,NA,NA,0
2018-12-22 18:51:09,"1",32,NA,NA,0
2018-12-22 18:51:29,"1296",14,NA,NA,0
2018-12-22 18:51:30,"1296",14,NA,NA,0
2018-12-22 18:51:31,"1296",14,NA,NA,0
2018-12-22 18:51:33,"1296",14,NA,NA,0
2018-12-22 18:51:40,"1296",14,NA,NA,0
2018-12-22 18:53:22,"1296",14,NA,NA,0
2018-12-22 18:53:24,"1296",14,NA,NA,0
2018-12-22 18:53:34,"537",14,NA,NA,0
2018-12-22 18:53:36,"1296",14,NA,NA,0
2018-12-22 18:53:53,"1296",14,NA,NA,0
2018-12-22 18:54:05,"1280",14,NA,NA,0
2018-12-22 18:54:21,"537",17,NA,NA,0
2018-12-22 21:05:46,"1296",26,NA,NA,0
2018-12-22 21:21:23,"537",14,NA,NA,0
2018-12-22 22:03:50,"537",26,NA,NA,0
2018-12-22 22:03:56,"537",2,NA,NA,0
2018-12-22 06:05:41,"077",1,NA,NA,0
2018-12-22 07:14:31,"2073",26,NA,NA,0
2018-12-22 07:14:34,"2073",2,NA,NA,0
2018-12-22 07:33:19,"1296",26,NA,NA,0
2018-12-22 07:33:22,"1296",2,NA,NA,0
2018-12-22 10:12:16,"2290",2,NA,NA,0
2018-12-22 10:12:16,"2290",26,NA,NA,0
2018-12-22 12:12:15,"078",17,NA,NA,0
2018-12-22 12:24:39,"078",17,NA,NA,0
2018-12-22 13:14:32,"1296",24,NA,NA,0
2018-12-22 13:14:32,"1296",28,NA,NA,0
2018-12-22 13:53:57,"2290",26,NA,NA,0
2018-12-22 20:55:30,"1280",24,NA,NA,0
2018-12-22 20:37:32,"086",14,NA,NA,0
2018-12-22 20:40:04,"537",14,NA,NA,0
2018-12-22 20:40:32,"1296",14,NA,NA,0
2018-12-22 20:43:22,"1296",14,NA,NA,0
2018-12-22 20:43:44,"1296",17,NA,NA,0
2018-12-22 20:43:49,"1296",17,NA,NA,0
2018-12-22 20:43:55,"1296",14,NA,NA,0
2018-12-22 20:43:57,"1296",14,NA,NA,0
2018-12-22 20:44:16,"1296",14,NA,NA,0
2018-12-22 20:44:18,"1296",14,NA,NA,0
2018-12-22 20:45:00,"1296",14,NA,NA,0
2018-12-22 20:45:23,"1296",14,NA,NA,0
2018-12-22 20:46:31,"1296",17,NA,NA,0
2018-12-22 20:46:35,"1296",17,NA,NA,0
2018-12-22 20:46:38,"1296",17,NA,NA,0
2018-12-22 20:46:44,"1296",14,NA,NA,0
2018-12-22 20:49:32,"1296",14,NA,NA,0
2018-12-22 20:49:42,"1296",14,NA,NA,0
2018-12-22 20:50:49,"1296",14,NA,NA,0
2018-12-22 20:51:56,"1296",14,NA,NA,0
2018-12-22 20:51:58,"1296",14,NA,NA,0
2018-12-22 20:52:03,"537",14,NA,NA,0
2018-12-22 20:53:26,"1296",17,NA,NA,0
2018-12-22 20:53:33,"1296",17,NA,NA,0
2018-12-22 20:59:05,"1296",14,NA,NA,0
2018-12-22 21:24:01,"537",14,NA,NA,0
2018-12-22 21:42:01,"537",14,NA,NA,0
2018-12-22 21:42:02,"537",14,NA,NA,0
2018-12-22 21:53:54,"086",26,NA,NA,0
2018-12-22 21:54:08,"086",2,NA,NA,0
2018-12-22 21:07:42,"1296",2,NA,NA,0
2018-12-22 21:08:36,"1296",26,NA,NA,0
2018-12-22 21:08:43,"1296",2,NA,NA,0
2018-12-23 03:39:20,"1028",1,NA,NA,0
2018-12-23 03:40:11,"1028",28,NA,NA,0
2018-12-23 03:40:11,"1028",24,NA,NA,0
2018-12-23 03:40:11,"1028",27,NA,NA,0
2018-12-23 03:40:14,"1028",25,NA,NA,0
2018-12-23 03:53:57,"1028",1,NA,NA,0
2018-12-23 03:53:57,"1028",27,NA,NA,0
2018-12-23 03:53:57,"1028",24,NA,NA,0
2018-12-23 03:53:57,"1028",25,NA,NA,0
2018-12-23 03:53:57,"1028",28,NA,NA,0
2018-12-22 15:56:34,"1296",17,NA,NA,0
2018-12-22 15:56:45,"1296",17,NA,NA,0
2018-12-22 15:57:38,"093",14,NA,NA,0
2018-12-22 15:57:48,"2290",14,NA,NA,0
2018-12-22 15:57:54,"1296",14,NA,NA,0
2018-12-22 15:57:56,"1296",14,NA,NA,0
2018-12-22 15:58:00,"1296",14,NA,NA,0
2018-12-22 15:58:19,"2290",14,NA,NA,0
2018-12-22 15:58:28,"1268",14,NA,NA,0
2018-12-22 15:58:30,"2290",14,NA,NA,0
2018-12-22 15:58:32,"093",14,NA,NA,0
2018-12-22 15:58:34,"2290",17,NA,NA,0
2018-12-22 15:58:38,"2290",17,NA,NA,0
2018-12-22 15:58:42,"2290",14,NA,NA,0
2018-12-22 15:58:55,"1280",17,NA,NA,0
2018-12-22 15:59:16,"2290",14,NA,NA,0
2018-12-22 15:59:21,"1280",17,NA,NA,0
2018-12-22 06:42:14,"2288",14,28.608190536499,50.2834167480469,1
2018-12-22 06:45:24,"2288",14,28.6188621520996,50.2814750671387,1
2018-12-22 06:49:42,"2288",32,28.6391696929932,50.2778511047363,1
2018-12-22 07:21:42,"2288",14,28.7026672363281,50.2442283630371,1
2018-12-22 06:03:51,"2288",14,28.6701793670654,50.2585754394531,1
2018-12-22 06:04:58,"2288",14,28.6676998138428,50.2575492858887,1
2018-12-22 06:10:01,"2288",14,28.6577568054199,50.2564811706543,1
2018-12-22 07:23:22,"2288",14,28.7032508850098,50.2479858398438,1
2018-12-22 07:23:28,"2288",14,28.7032508850098,50.2479858398438,1
2018-12-22 07:23:37,"2288",14,28.7032508850098,50.2479858398438,1
2018-12-22 06:13:20,"2288",14,28.6533451080322,50.2610397338867,1
2018-12-22 06:15:35,"2288",14,28.6488304138184,50.2665405273438,1
2018-12-22 06:23:28,"2288",14,28.6332550048828,50.2790946960449,1
2018-12-22 07:37:53,"2288",17,28.6908206939697,50.2673759460449,1
2018-12-22 08:05:13,"2288",14,28.6381874084473,50.2779388427734,1
2018-12-22 08:23:42,"2288",14,28.6086750030518,50.2833251953125,1
2018-12-22 08:40:03,"2288",14,28.6498146057129,50.2631225585938,1
2018-12-22 08:40:23,"2288",14,28.6498146057129,50.2631225585938,1
2018-12-22 08:42:53,"2288",14,28.655403137207,50.2585716247559,1
2018-12-22 08:47:34,"2288",17,28.660774230957,50.2554779052734,1
2018-12-22 08:29:21,"2288",14,28.6318244934082,50.2791595458984,1
2018-12-22 06:30:20,"1050",14,28.6331882476807,50.2789154052734,1
2018-12-22 06:30:27,"1050",14,28.6340408325195,50.2787742614746,1
2018-12-22 08:34:31,"1050",14,28.6743335723877,50.2497329711914,1
2018-12-22 06:33:55,"1050",14,28.6449642181396,50.2767105102539,1
2018-12-22 08:44:25,"1050",14,28.7008743286133,50.2379722595215,1
2018-12-22 08:47:51,"1050",14,28.7027359008789,50.2449798583984,1
2018-12-22 08:54:29,"1050",14,28.7031116485596,50.2607421875,1
2018-12-22 09:05:33,"1050",14,28.6819858551025,50.2636108398438,1
2018-12-22 07:53:41,"1050",17,28.617115020752,50.2819557189941,1
2018-12-22 07:53:44,"1050",17,28.617115020752,50.2819557189941,1
2018-12-22 08:11:40,"1050",17,28.6332473754883,50.2789077758789,1
2018-12-22 09:29:36,"1050",14,28.6337604522705,50.278980255127,1
2018-12-22 09:44:53,"1050",14,28.6026649475098,50.2844161987305,1
2018-12-22 09:48:24,"1050",14,28.6123218536377,50.2826614379883,1
2018-12-22 10:10:24,"1050",14,28.6609992980957,50.2551078796387,1
2018-12-22 15:28:11,"1050",14,28.695426940918,50.2380905151367,1
2018-12-22 10:13:37,"1050",14,28.6665554046631,50.2533874511719,1
2018-12-22 10:17:22,"1050",14,28.6760330200195,50.2491874694824,1
2018-12-22 10:21:33,"1050",14,28.6861228942871,50.2441596984863,1
2018-12-22 09:59:11,"1050",14,28.6480007171631,50.2714805603027,1
2018-12-22 15:28:18,"1050",14,28.695426940918,50.2380905151367,1
2018-12-22 10:36:20,"1050",26,28.7045154571533,50.2531852722168,0
2018-12-22 15:41:19,"1050",14,28.7030944824219,50.2605361938477,1
2018-12-22 14:11:07,"1050",14,28.6840972900391,50.264591217041,1
2018-12-22 16:00:06,"1050",14,28.6609592437744,50.2559852600098,1
2018-12-22 14:17:47,"1050",14,28.6714553833008,50.2588119506836,1
2018-12-22 14:19:56,"1050",14,28.6684036254883,50.2574157714844,1
2018-12-22 14:19:58,"1050",14,28.6684036254883,50.2574157714844,1
2018-12-22 14:21:10,"1050",14,28.6645374298096,50.256534576416,1
2018-12-22 14:21:12,"1050",14,28.6645374298096,50.256534576416,1
2018-12-22 14:21:25,"1050",17,28.6645374298096,50.256534576416,1
2018-12-22 14:21:27,"1050",14,28.6645374298096,50.256534576416,1
2018-12-22 14:21:44,"1050",14,28.6639919281006,50.2564315795898,1
2018-12-22 14:21:46,"1050",14,28.6634101867676,50.2562789916992,1
2018-12-22 16:00:08,"1050",14,28.6609592437744,50.2559852600098,1
2018-12-22 14:21:48,"1050",14,28.6634101867676,50.2562789916992,1
2018-12-22 14:21:54,"1050",14,28.6634101867676,50.2562789916992,1
2018-12-22 16:00:10,"1050",14,28.6609592437744,50.2559852600098,1
2018-12-22 16:03:21,"1050",14,28.6569766998291,50.2567367553711,1
2018-12-22 14:53:51,"1050",14,28.6153945922852,50.2821998596191,1
2018-12-22 16:07:30,"1050",14,28.6503143310547,50.262264251709,1
2018-12-22 15:11:52,"1050",14,28.6596965789795,50.2569122314453,1
2018-12-22 15:16:56,"1050",14,28.6668453216553,50.2533569335938,1
2018-12-22 18:21:14,"1050",14,28.6851501464844,50.265079498291,1
2018-12-22 08:56:53,"1270",14,28.6503658294678,50.2622261047363,1
2018-12-22 06:59:56,"1270",14,28.6086978912354,50.283317565918,1
2018-12-22 07:00:10,"1270",14,28.6086978912354,50.283317565918,1
2018-12-22 07:02:26,"1270",14,28.615421295166,50.2821044921875,1
2018-12-22 07:09:46,"1270",14,28.6446533203125,50.276798248291,1
2018-12-22 07:09:48,"1270",14,28.6446533203125,50.276798248291,1
2018-12-22 07:09:55,"1270",14,28.6446533203125,50.276798248291,1
2018-12-22 08:57:07,"1270",14,28.6503658294678,50.2622261047363,1
2018-12-22 08:09:34,"1270",14,28.6561317443848,50.2577323913574,1
2018-12-22 09:06:00,"1270",14,28.6664123535156,50.2533950805664,1
2018-12-22 08:47:08,"1270",14,28.6330738067627,50.2789306640625,1
2018-12-22 08:50:41,"1270",14,28.6470947265625,50.275276184082,1
2018-12-22 06:42:42,"1280",14,28.6487808227539,50.266731262207,1
2018-12-22 06:42:59,"1280",14,28.6487808227539,50.266731262207,1
2018-12-22 07:12:15,"1280",14,28.6219158172607,50.280933380127,1
2018-12-22 07:12:23,"1280",14,28.6219158172607,50.280933380127,1
2018-12-22 07:24:18,"1280",14,28.6499328613281,50.2628746032715,1
2018-12-22 09:31:20,"1280",14,28.7025699615479,50.243724822998,1
2018-12-22 09:31:30,"1280",14,28.7025699615479,50.243724822998,1
2018-12-22 07:37:25,"1280",14,28.6747608184814,50.2495613098145,1
2018-12-22 09:45:27,"1280",14,28.6857109069824,50.2652549743652,1
2018-12-22 09:45:33,"1280",14,28.6857109069824,50.2652549743652,1
2018-12-22 09:45:46,"1280",14,28.6857109069824,50.2652549743652,1
2018-12-22 09:47:03,"1280",14,28.6838550567627,50.2644309997559,1
2018-12-22 09:48:39,"1280",17,28.6819114685059,50.2635307312012,1
2018-12-22 09:49:56,"1280",14,28.6760063171387,50.2610511779785,1
2018-12-22 08:55:08,"1280",14,28.6376209259033,50.2781181335449,1
2018-12-22 08:55:14,"1280",14,28.6376209259033,50.2781181335449,1
2018-12-22 09:50:43,"1280",14,28.6739883422852,50.2602005004883,1
2018-12-22 08:56:43,"1280",14,28.6428279876709,50.2771797180176,1
2018-12-22 08:56:54,"1280",14,28.6428279876709,50.2771797180176,1
2018-12-22 08:57:04,"1280",14,28.6428279876709,50.2771797180176,1
2018-12-22 10:29:25,"1280",17,28.6024971008301,50.2844657897949,1
2018-12-22 10:53:29,"1280",14,28.6615505218506,50.2539978027344,1
2018-12-22 11:14:05,"1280",14,28.7033824920654,50.2497482299805,1
2018-12-22 10:53:39,"1280",14,28.6615505218506,50.2539978027344,1
2018-12-22 11:40:08,"1280",14,28.657470703125,50.2564468383789,1
2018-12-22 10:59:56,"1280",14,28.6765251159668,50.2490882873535,1
2018-12-22 06:17:57,"1280",14,28.7013874053955,50.2651138305664,1
2018-12-22 12:27:02,"1280",14,28.6502704620361,50.2622299194336,1
2018-12-22 12:27:04,"1280",14,28.6502704620361,50.2622299194336,1
2018-12-22 14:09:30,"1280",14,28.653829574585,50.2606925964355,1
2018-12-22 06:18:03,"1280",14,28.7013874053955,50.2651138305664,1
2018-12-22 14:09:44,"1280",14,28.653829574585,50.2606925964355,1
2018-12-22 12:41:11,"1280",14,28.6738510131836,50.2499351501465,1
2018-12-22 12:42:01,"1280",14,28.6758441925049,50.2491912841797,1
2018-12-22 15:50:18,"1280",14,28.6506443023682,50.2619934082031,1
2018-12-22 12:56:53,"1280",14,28.7032737731934,50.2544403076172,1
2018-12-22 12:56:54,"1280",14,28.7032737731934,50.2544403076172,1
2018-12-22 14:51:18,"1280",14,28.6902351379395,50.2671966552734,1
2018-12-22 15:02:04,"1280",14,28.6632671356201,50.2567749023438,1
2018-12-22 15:02:31,"1280",14,28.6632671356201,50.2567749023438,1
2018-12-22 15:08:39,"1280",14,28.6517753601074,50.2617149353027,1
2018-12-22 17:42:34,"1280",14,28.6618251800537,50.2539596557617,1
2018-12-22 17:43:00,"1280",32,28.6642265319824,50.2537651062012,1
2018-12-22 17:43:04,"1280",17,28.6642265319824,50.2537651062012,1
2018-12-22 15:50:20,"1280",14,28.6506443023682,50.2619934082031,1
2018-12-22 20:52:20,"1280",14,28.6550388336182,50.2593841552734,1
2018-12-22 20:52:22,"1280",14,28.6550388336182,50.2593841552734,1
2018-12-22 15:50:34,"1280",14,28.6506443023682,50.2619934082031,1
2018-12-22 18:17:13,"1280",14,28.681619644165,50.2635765075684,1
2018-12-22 15:51:31,"1280",14,28.6537857055664,50.2606506347656,1
2018-12-22 18:21:26,"1280",14,28.6699619293213,50.2584991455078,1
2018-12-22 15:55:06,"1280",14,28.6597080230713,50.257022857666,1
2018-12-22 18:52:19,"1280",14,28.6054000854492,50.283935546875,1
2018-12-22 15:55:33,"1280",14,28.6598606109619,50.2569808959961,1
2018-12-22 18:54:55,"1280",14,28.6165447235107,50.2819442749023,1
2018-12-22 16:06:55,"1280",14,28.6774158477783,50.2486610412598,1
2018-12-22 19:28:10,"1280",14,28.6933498382568,50.2394638061523,1
2018-12-22 20:10:52,"1280",17,28.6537532806396,50.2608184814453,1
2018-12-22 20:10:58,"1280",17,28.6537532806396,50.2608184814453,1
2018-12-22 16:11:45,"1280",14,28.6889533996582,50.2424163818359,1
2018-12-22 16:12:04,"1280",14,28.6889533996582,50.2424163818359,1
2018-12-22 20:45:18,"1280",14,28.6421604156494,50.2774047851562,1
2018-12-22 16:30:25,"1280",14,28.6954917907715,50.2699127197266,1
2018-12-22 20:45:20,"1280",14,28.6421604156494,50.2774047851562,1
2018-12-22 16:34:37,"1280",14,28.6876735687256,50.2660713195801,1
2018-12-22 16:37:10,"1280",14,28.6825351715088,50.263801574707,1
2018-12-22 16:37:17,"1280",14,28.6825351715088,50.263801574707,1
2018-12-22 16:37:21,"1280",17,28.6825351715088,50.263801574707,1
2018-12-22 16:37:26,"1280",17,28.6825351715088,50.263801574707,1
2018-12-22 16:38:47,"1280",14,28.6784553527832,50.2620162963867,1
2018-12-22 16:44:26,"1280",14,28.6652145385742,50.2568168640137,1
2018-12-22 10:37:33,"078",17,28.6910762786865,50.2675666809082,1
2018-12-22 11:33:20,"078",17,28.6681442260742,50.2577514648438,1
2018-12-22 11:12:01,"078",14,28.70339012146,50.2513236999512,1
2018-12-22 11:12:13,"078",17,28.70339012146,50.2513236999512,1
2018-12-22 11:12:17,"078",17,28.70339012146,50.2513236999512,1
2018-12-22 11:33:34,"078",17,28.6681442260742,50.2577514648438,1
2018-12-22 11:33:46,"078",17,28.6675033569336,50.2574234008789,1
2018-12-22 11:12:22,"078",14,28.70339012146,50.2513236999512,1
2018-12-22 11:16:46,"078",14,28.7032337188721,50.2584648132324,1
2018-12-22 11:34:08,"078",14,28.6656684875488,50.256908416748,1
2018-12-22 12:08:15,"078",14,28.6121025085449,50.2826232910156,1
2018-12-22 12:08:17,"078",14,28.6121025085449,50.2826232910156,1
2018-12-22 12:08:49,"078",14,28.6165103912354,50.2818641662598,1
2018-12-22 12:13:34,"078",14,28.6346588134766,50.2785491943359,1
2018-12-22 12:18:57,"078",14,28.6477680206299,50.2731399536133,1
2018-12-22 12:42:10,"078",14,28.6822376251221,50.2462615966797,1
2018-12-22 12:42:12,"078",14,28.6822376251221,50.2462615966797,1
2018-12-22 12:44:04,"078",14,28.6881504058838,50.242919921875,1
2018-12-22 10:45:53,"2290",14,28.7033748626709,50.2486686706543,1
2018-12-22 10:50:14,"2290",14,28.7032146453857,50.2576713562012,1
2018-12-22 10:51:25,"2290",14,28.7030830383301,50.2621040344238,1
2018-12-22 11:09:50,"2290",14,28.660774230957,50.2559432983398,1
2018-12-22 11:09:59,"2290",32,28.660774230957,50.2559432983398,1
2018-12-22 11:10:06,"2290",17,28.660774230957,50.2559432983398,1
2018-12-22 11:10:16,"2290",14,28.660774230957,50.2559432983398,1
2018-12-22 11:52:23,"2290",14,28.6482906341553,50.2693290710449,1
2018-12-22 11:52:36,"2290",17,28.6482906341553,50.2693290710449,1
2018-12-22 11:52:47,"2290",14,28.6482906341553,50.2693290710449,1
2018-12-22 11:58:15,"2290",14,28.6537303924561,50.260684967041,1
2018-12-22 11:58:21,"2290",17,28.6537303924561,50.260684967041,1
2018-12-22 12:37:19,"2290",14,28.6876201629639,50.266040802002,1
2018-12-22 12:47:54,"2290",14,28.664379119873,50.2568168640137,1
2018-12-22 12:48:09,"2290",14,28.664379119873,50.2568168640137,1
2018-12-22 13:21:43,"2290",14,28.6142673492432,50.2823257446289,1
2018-12-22 12:06:38,"2290",17,28.667272567749,50.2530632019043,1
2018-12-22 12:06:46,"2290",14,28.667272567749,50.2530632019043,1
2018-12-22 13:57:24,"2290",28,28.6980533599854,50.237663269043,1
2018-12-22 13:57:24,"2290",24,28.6980533599854,50.237663269043,1
2018-12-22 14:17:36,"2290",14,28.6836929321289,50.2643775939941,1
2018-12-22 14:17:38,"2290",14,28.6836929321289,50.2643775939941,1
2018-12-22 12:17:07,"2290",14,28.6932601928711,50.2395401000977,1
2018-12-22 12:17:30,"2290",14,28.6932601928711,50.2395401000977,1
2018-12-22 12:29:19,"2290",14,28.7029991149902,50.2613372802734,1
2018-12-22 12:30:32,"2290",14,28.7002906799316,50.2658767700195,1
2018-12-22 14:27:16,"2290",14,28.6621780395508,50.2563362121582,1
2018-12-22 14:27:22,"2290",14,28.6621780395508,50.2563362121582,1
2018-12-22 12:30:41,"2290",14,28.7002906799316,50.2658767700195,1
2018-12-22 14:27:24,"2290",14,28.6621780395508,50.2563362121582,1
2018-12-22 14:45:14,"2290",14,28.6350402832031,50.2787895202637,1
2018-12-22 12:31:29,"2290",17,28.6987342834473,50.266960144043,1
2018-12-22 15:24:19,"2290",14,28.6685218811035,50.2523994445801,1
2018-12-22 15:39:40,"2290",14,28.7029418945312,50.2470550537109,1
2018-12-22 15:39:54,"2290",14,28.7029418945312,50.2470550537109,1
2018-12-22 15:57:36,"2290",14,28.6873207092285,50.265926361084,1
2018-12-22 16:05:33,"2290",14,28.6701736450195,50.2585716247559,1
2018-12-22 16:05:45,"2290",14,28.6701736450195,50.2585716247559,1
2018-12-22 16:13:40,"2290",14,28.6549587249756,50.2591552734375,1
2018-12-22 16:13:42,"2290",14,28.6549587249756,50.2591552734375,1
2018-12-22 16:19:57,"2290",14,28.648136138916,50.2712936401367,1
2018-12-22 16:41:00,"2290",14,28.6130809783936,50.2825012207031,1
2018-12-22 16:56:32,"2290",14,28.6549053192139,50.25927734375,1
2018-12-22 07:32:25,"107",14,28.6517391204834,50.2615585327148,1
2018-12-22 07:33:51,"107",14,28.6548957824707,50.2592544555664,1
2018-12-22 07:50:19,"107",14,28.6892108917236,50.2422332763672,1
2018-12-22 07:50:27,"107",14,28.6892108917236,50.2422332763672,1
2018-12-22 08:11:38,"107",14,28.686185836792,50.2654647827148,1
2018-12-22 06:26:19,"107",14,28.6973609924316,50.2680969238281,1
2018-12-22 08:11:49,"107",17,28.6846561431885,50.264835357666,1
2018-12-22 08:12:09,"107",14,28.6846561431885,50.264835357666,1
2018-12-22 07:24:13,"107",14,28.6376533508301,50.2781295776367,1
2018-12-22 08:13:31,"107",17,28.6812705993652,50.2633438110352,1
2018-12-22 08:13:49,"107",14,28.6812705993652,50.2633438110352,1
2018-12-22 08:13:55,"107",14,28.6812705993652,50.2633438110352,1
2018-12-22 08:14:34,"107",14,28.6778926849365,50.261848449707,1
2018-12-22 08:19:37,"107",14,28.6673755645752,50.2574424743652,1
2018-12-22 09:09:54,"107",14,28.6480007171631,50.2713661193848,1
2018-12-22 09:09:55,"107",14,28.6480007171631,50.2713661193848,1
2018-12-22 09:21:26,"107",17,28.661060333252,50.2550163269043,1
2018-12-22 09:22:31,"107",14,28.6623554229736,50.2537612915039,1
2018-12-22 08:58:27,"537",14,28.648416519165,50.2667655944824,1
2018-12-22 09:21:33,"537",14,28.6039505004883,50.2841491699219,1
2018-12-22 06:58:55,"537",14,28.6870250701904,50.2657775878906,1
2018-12-22 06:59:05,"537",14,28.6870250701904,50.2657775878906,1
2018-12-22 09:24:58,"537",14,28.6131744384766,50.2825126647949,1
2018-12-22 09:31:06,"537",14,28.6377925872803,50.2780570983887,1
2018-12-22 09:31:11,"537",14,28.6377925872803,50.2780570983887,1
2018-12-22 07:22:40,"537",14,28.6350498199463,50.2787055969238,1
2018-12-22 09:31:22,"537",14,28.6377925872803,50.2780570983887,1
2018-12-22 09:31:22,"537",17,28.6377925872803,50.2780570983887,1
2018-12-22 09:33:57,"537",14,28.6471424102783,50.2751388549805,1
2018-12-22 09:34:03,"537",14,28.6471424102783,50.2751388549805,1
2018-12-22 09:43:08,"537",14,28.6569557189941,50.2565956115723,1
2018-12-22 09:43:14,"537",14,28.6569557189941,50.2565956115723,1
2018-12-22 09:50:14,"537",14,28.6683101654053,50.2524070739746,1
2018-12-22 09:51:52,"537",14,28.6726493835449,50.2502708435059,1
2018-12-22 10:32:14,"537",14,28.6605758666992,50.2559661865234,1
2018-12-22 11:34:03,"537",14,28.6753101348877,50.2493438720703,1
2018-12-22 10:09:43,"537",17,28.7033252716064,50.2515449523926,1
2018-12-22 11:34:06,"537",14,28.6753101348877,50.2493438720703,1
2018-12-22 11:42:49,"537",24,28.6955718994141,50.238094329834,1
2018-12-22 11:42:49,"537",28,28.6955718994141,50.238094329834,1
2018-12-22 11:58:50,"537",17,28.6960544586182,50.2698211669922,1
2018-12-22 12:01:19,"537",14,28.6897602081299,50.2669219970703,1
2018-12-22 14:50:29,"537",17,28.6638717651367,50.2536010742188,1
2018-12-22 12:21:34,"537",14,28.6559448242188,50.257984161377,1
2018-12-22 12:21:38,"537",14,28.6559448242188,50.257984161377,1
2018-12-22 12:32:04,"537",14,28.6385822296143,50.2781524658203,1
2018-12-22 12:46:11,"537",14,28.6063213348389,50.2837409973145,1
2018-12-22 12:48:36,"537",14,28.6145648956299,50.282283782959,1
2018-12-22 12:48:48,"537",14,28.6145648956299,50.282283782959,1
2018-12-22 12:59:38,"537",14,28.6484851837158,50.2682456970215,1
2018-12-22 12:59:57,"537",14,28.6484851837158,50.2682456970215,1
2018-12-22 13:18:35,"537",14,28.6729354858398,50.250301361084,1
2018-12-22 13:34:52,"537",14,28.7025985717773,50.2437782287598,1
2018-12-22 13:35:04,"537",14,28.7025985717773,50.2437782287598,1
2018-12-22 13:45:00,"537",14,28.7030010223389,50.262996673584,1
2018-12-22 13:45:01,"537",14,28.7030010223389,50.262996673584,1
2018-12-22 13:45:05,"537",14,28.7030010223389,50.262996673584,1
2018-12-22 14:54:14,"537",14,28.6736488342285,50.2500190734863,1
2018-12-22 14:54:27,"537",14,28.6736488342285,50.2500190734863,1
2018-12-22 15:03:58,"537",14,28.6969261169434,50.2375068664551,1
2018-12-22 14:10:31,"537",14,28.6533031463623,50.2610282897949,1
2018-12-22 15:08:42,"537",14,28.7026710510254,50.2451057434082,1
2018-12-22 14:15:40,"537",14,28.6483707427979,50.2699356079102,1
2018-12-22 14:15:57,"537",14,28.6483707427979,50.2699356079102,1
2018-12-22 14:33:05,"537",14,28.6388607025146,50.2779350280762,1
2018-12-22 16:59:27,"537",14,28.7024707794189,50.2642402648926,1
2018-12-22 17:00:56,"537",14,28.6979007720947,50.2675895690918,1
2018-12-22 17:00:58,"537",14,28.6979007720947,50.2675895690918,1
2018-12-22 17:10:23,"537",14,28.6798152923584,50.2626953125,1
2018-12-22 17:10:24,"537",14,28.6798152923584,50.2626953125,1
2018-12-22 17:12:22,"537",14,28.6742515563965,50.2601127624512,1
2018-12-22 15:17:05,"537",14,28.702974319458,50.260856628418,1
2018-12-22 17:12:32,"537",32,28.6742515563965,50.2601127624512,1
2018-12-22 17:12:34,"537",14,28.6742515563965,50.2601127624512,1
2018-12-22 15:17:57,"537",14,28.7022590637207,50.264331817627,1
2018-12-22 17:23:45,"537",14,28.6512336730957,50.2618827819824,1
2018-12-22 17:24:24,"537",14,28.6501064300537,50.2627334594727,1
2018-12-22 19:08:25,"537",14,28.648157119751,50.2719993591309,1
2018-12-22 19:08:26,"537",14,28.6479263305664,50.2734298706055,1
2018-12-22 19:08:32,"537",14,28.6479263305664,50.2734298706055,1
2018-12-22 19:13:21,"537",14,28.635892868042,50.2785949707031,1
2018-12-22 15:40:05,"537",14,28.6609115600586,50.2560119628906,1
2018-12-22 19:26:10,"537",14,28.5944995880127,50.2857398986816,1
2018-12-22 19:39:00,"537",14,28.6392402648926,50.2778396606445,1
2018-12-22 17:47:47,"537",14,28.6062202453613,50.2837600708008,1
2018-12-22 18:14:42,"537",14,28.6690845489502,50.2522888183594,1
2018-12-22 15:48:45,"537",14,28.6487731933594,50.2655563354492,1
2018-12-22 18:14:44,"537",14,28.6690845489502,50.2522888183594,1
2018-12-22 16:09:34,"537",17,28.6061630249023,50.2837791442871,1
2018-12-22 18:23:26,"537",14,28.6905956268311,50.2413063049316,1
2018-12-22 18:52:36,"537",14,28.6735095977783,50.2598915100098,1
2018-12-22 18:52:37,"537",14,28.6735095977783,50.2598915100098,1
2018-12-22 20:34:07,"537",14,28.66921043396,50.2580604553223,1
2018-12-22 20:50:26,"537",14,28.6388111114502,50.2780647277832,1
2018-12-22 20:52:24,"537",14,28.6342506408691,50.2789459228516,1
2018-12-22 16:19:13,"537",17,28.6406211853027,50.2776832580566,1
2018-12-22 21:19:16,"537",14,28.6290702819824,50.2796936035156,1
2018-12-22 21:19:18,"537",14,28.6290702819824,50.2796936035156,1
2018-12-22 16:25:39,"537",14,28.6497707366943,50.2632141113281,1
2018-12-22 16:35:30,"537",14,28.6615180969238,50.2539482116699,1
2018-12-22 21:27:37,"537",14,28.6483726501465,50.2693672180176,1
2018-12-22 21:27:39,"537",14,28.6483726501465,50.2693672180176,1
2018-12-22 07:59:38,"1268",14,28.686637878418,50.2438163757324,1
2018-12-22 08:18:46,"1268",14,28.6948852539062,50.2695693969727,1
2018-12-22 08:23:32,"1268",14,28.6830558776855,50.264087677002,1
2018-12-22 08:23:44,"1268",17,28.6830558776855,50.264087677002,1
2018-12-22 08:41:46,"1268",14,28.6487483978271,50.2667388916016,1
2018-12-22 08:41:57,"1268",14,28.6487483978271,50.2667388916016,1
2018-12-22 09:56:36,"1268",14,28.6957302093506,50.2698631286621,1
2018-12-22 10:58:20,"1268",14,28.648099899292,50.2710037231445,1
2018-12-22 11:03:09,"1268",14,28.6498203277588,50.2633094787598,1
2018-12-22 12:41:37,"1268",14,28.6488704681396,50.2653732299805,1
2018-12-22 11:03:11,"1268",14,28.6498203277588,50.2633094787598,1
2018-12-22 11:05:21,"1268",14,28.6554851531982,50.2585868835449,1
2018-12-22 11:06:02,"1268",14,28.6562786102295,50.2575187683105,1
2018-12-22 11:06:04,"1268",14,28.6562786102295,50.2575187683105,1
2018-12-22 11:11:33,"1268",14,28.6616058349609,50.2539253234863,1
2018-12-22 11:36:29,"1268",14,28.7032337188721,50.2584266662598,1
2018-12-22 11:36:37,"1268",14,28.7032337188721,50.2584266662598,1
2018-12-22 11:36:44,"1268",14,28.7032337188721,50.2584266662598,1
2018-12-22 11:47:54,"1268",14,28.6851444244385,50.2650299072266,1
2018-12-22 11:52:47,"1268",14,28.6715335845947,50.259162902832,1
2018-12-22 11:53:04,"1268",14,28.6715335845947,50.259162902832,1
2018-12-22 12:14:08,"1268",14,28.633903503418,50.2789916992188,1
2018-12-22 12:41:49,"1268",14,28.6488704681396,50.2653732299805,1
2018-12-22 12:32:27,"1268",17,28.6316680908203,50.2791862487793,1
2018-12-22 14:24:09,"1268",17,28.6494884490967,50.2638397216797,1
2018-12-22 12:34:47,"1268",14,28.6369705200195,50.2782592773438,1
2018-12-22 14:24:16,"1268",14,28.6494884490967,50.2638397216797,1
2018-12-22 13:03:23,"1268",14,28.6859073638916,50.2442512512207,1
2018-12-22 14:26:27,"1268",14,28.6529884338379,50.2611694335938,1
2018-12-22 14:27:38,"1268",17,28.6558856964111,50.2580032348633,1
2018-12-22 14:27:59,"1268",14,28.6558856964111,50.2580032348633,1
2018-12-22 13:03:41,"1268",14,28.6859073638916,50.2442512512207,1
2018-12-22 15:49:25,"1268",14,28.6097660064697,50.2831115722656,1
2018-12-22 13:04:59,"1268",14,28.6899871826172,50.2417297363281,1
2018-12-22 15:09:55,"1268",14,28.6812076568604,50.2633514404297,1
2018-12-22 15:10:07,"1268",16,28.6812076568604,50.2633514404297,1
2018-12-22 15:53:24,"1268",14,28.6252574920654,50.2803192138672,1
2018-12-22 13:07:17,"1268",14,28.696008682251,50.2378311157227,1
2018-12-22 15:10:58,"1268",14,28.6796131134033,50.2625961303711,1
2018-12-22 13:11:35,"1268",14,28.7023983001709,50.2426261901855,1
2018-12-22 16:13:18,"1268",14,28.6643009185791,50.253719329834,1
2018-12-22 16:13:47,"1268",14,28.6658401489258,50.253475189209,1
2018-12-22 13:25:52,"1268",14,28.6915454864502,50.267765045166,1
2018-12-22 16:17:35,"1268",14,28.6748065948486,50.2495574951172,1
2018-12-22 16:17:51,"1268",14,28.6748065948486,50.2495574951172,1
2018-12-22 16:17:57,"1268",14,28.6748065948486,50.2495574951172,1
2018-12-22 16:18:31,"1268",14,28.6763610839844,50.2490653991699,1
2018-12-22 13:37:00,"1268",17,28.666223526001,50.2570953369141,1
2018-12-22 13:38:27,"1268",14,28.6634769439697,50.2565650939941,1
2018-12-22 13:43:47,"1268",14,28.6540393829346,50.2605514526367,1
2018-12-22 06:34:04,"086",1,28.7150993347168,50.2644844055176,0
2018-12-22 10:37:34,"086",14,28.6837158203125,50.2643890380859,1
2018-12-22 10:43:29,"086",14,28.6697521209717,50.2583312988281,1
2018-12-22 10:48:21,"086",14,28.6611003875732,50.2560348510742,1
2018-12-22 10:49:01,"086",14,28.6604881286621,50.2563018798828,1
2018-12-22 10:49:03,"086",14,28.6604881286621,50.2563018798828,1
2018-12-22 10:49:06,"086",17,28.6604881286621,50.2563018798828,1
2018-12-22 10:52:52,"086",14,28.656177520752,50.2577323913574,1
2018-12-22 11:06:05,"086",14,28.6329097747803,50.2791213989258,1
2018-12-22 12:51:07,"086",14,28.6329803466797,50.2791061401367,1
2018-12-22 11:27:29,"086",14,28.6355419158936,50.278564453125,1
2018-12-22 11:31:05,"086",14,28.6460552215576,50.2762794494629,1
2018-12-22 11:18:40,"086",17,28.6021156311035,50.284553527832,1
2018-12-22 11:18:43,"086",17,28.6021156311035,50.284553527832,1
2018-12-22 11:19:29,"086",14,28.604175567627,50.2841949462891,1
2018-12-22 11:19:35,"086",14,28.6051502227783,50.2840118408203,1
2018-12-22 11:24:53,"086",14,28.6230754852295,50.2807540893555,1
2018-12-22 11:24:59,"086",14,28.6230754852295,50.2807540893555,1
2018-12-22 11:36:11,"086",17,28.6496829986572,50.2638511657715,1
2018-12-22 12:51:09,"086",14,28.6329803466797,50.2791061401367,1
2018-12-22 11:42:49,"086",27,28.6601810455322,50.2567749023438,1
2018-12-22 11:42:49,"086",25,28.6601810455322,50.2567749023438,1
2018-12-22 13:35:08,"086",14,28.6704692840576,50.251392364502,1
2018-12-22 13:35:31,"086",14,28.6710548400879,50.2511138916016,1
2018-12-22 13:35:37,"086",14,28.6710548400879,50.2511138916016,1
2018-12-22 13:35:46,"086",14,28.6710548400879,50.2511138916016,1
2018-12-22 11:49:12,"086",14,28.6664752960205,50.2533721923828,1
2018-12-22 13:35:48,"086",14,28.6710548400879,50.2511138916016,1
2018-12-22 13:07:33,"086",14,28.6127052307129,50.2826347351074,1
2018-12-22 13:36:35,"086",14,28.6750049591064,50.2496070861816,1
2018-12-22 13:40:04,"086",14,28.6836833953857,50.2455444335938,1
2018-12-22 12:31:44,"086",14,28.6610126495361,50.2560005187988,1
2018-12-22 12:31:58,"086",14,28.6610126495361,50.2560005187988,1
2018-12-22 13:07:51,"086",14,28.6127052307129,50.2826347351074,1
2018-12-22 13:41:58,"086",14,28.6884994506836,50.2427978515625,1
2018-12-22 13:51:07,"086",14,28.7032222747803,50.2496490478516,1
2018-12-22 13:51:09,"086",14,28.7032222747803,50.2496490478516,1
2018-12-22 13:08:30,"086",14,28.6166725158691,50.2819404602051,1
2018-12-22 13:10:13,"086",14,28.6234264373779,50.2807121276855,1
2018-12-22 13:52:46,"086",14,28.703239440918,50.2531051635742,1
2018-12-22 13:55:04,"086",32,28.7031345367432,50.2578392028809,1
2018-12-22 16:58:26,"086",14,28.6891231536865,50.2423515319824,1
2018-12-22 13:13:12,"086",17,28.6366157531738,50.278377532959,1
2018-12-22 16:59:25,"086",14,28.6928081512451,50.2398147583008,1
2018-12-22 16:59:33,"086",17,28.6928081512451,50.2398147583008,1
2018-12-22 13:13:16,"086",17,28.6366157531738,50.278377532959,1
2018-12-22 13:17:25,"086",14,28.648120880127,50.2711067199707,1
2018-12-22 17:15:44,"086",17,28.6973514556885,50.2685050964355,1
2018-12-22 17:23:03,"086",14,28.6832485198975,50.2641792297363,1
2018-12-22 16:28:27,"086",14,28.6833267211914,50.2641944885254,1
2018-12-22 16:32:13,"086",14,28.6749324798584,50.2605171203613,1
2018-12-22 17:23:07,"086",14,28.6832485198975,50.2641792297363,1
2018-12-22 16:37:09,"086",14,28.6644058227539,50.2568016052246,1
2018-12-22 13:22:11,"086",14,28.6503639221191,50.262321472168,1
2018-12-22 18:23:38,"086",14,28.6544723510742,50.259765625,1
2018-12-22 16:47:21,"086",17,28.6646518707275,50.2534065246582,1
2018-12-22 16:47:27,"086",17,28.6646518707275,50.2534065246582,1
2018-12-22 20:13:01,"086",14,28.6737194061279,50.2500228881836,1
2018-12-22 17:24:40,"086",14,28.6796550750732,50.2626495361328,1
2018-12-22 17:24:42,"086",14,28.6796550750732,50.2626495361328,1
2018-12-22 17:28:30,"086",17,28.6694412231445,50.2582244873047,1
2018-12-22 17:30:15,"086",14,28.664623260498,50.2569847106934,1
2018-12-22 17:34:01,"086",17,28.6587715148926,50.2567672729492,1
2018-12-22 17:39:11,"086",14,28.6503562927246,50.262279510498,1
2018-12-22 17:46:48,"086",14,28.6387271881104,50.2780647277832,1
2018-12-22 20:42:32,"086",14,28.6889305114746,50.2665634155273,1
2018-12-22 20:42:40,"086",17,28.6879959106445,50.2661781311035,1
2018-12-22 18:26:50,"086",14,28.6599349975586,50.2569847106934,1
2018-12-22 18:27:35,"086",14,28.6607799530029,50.2555084228516,1
2018-12-22 18:31:57,"086",14,28.6706638336182,50.2511596679688,1
2018-12-22 21:27:41,"086",32,28.6622142791748,50.2538146972656,1
2018-12-22 18:32:06,"086",14,28.6706638336182,50.2511596679688,1
2018-12-22 18:32:07,"086",14,28.6706638336182,50.2511596679688,1
2018-12-22 18:37:17,"086",14,28.6846256256104,50.2449569702148,1
2018-12-22 18:37:47,"086",14,28.6856002807617,50.2444190979004,1
2018-12-22 18:37:55,"086",14,28.6856002807617,50.2444190979004,1
2018-12-22 18:40:20,"086",14,28.6924304962158,50.240047454834,1
2018-12-22 18:40:28,"086",14,28.6924304962158,50.240047454834,1
2018-12-22 18:52:22,"086",14,28.7031555175781,50.2575721740723,1
2018-12-22 19:01:53,"086",14,28.6853618621826,50.2650413513184,1
2018-12-22 19:02:23,"086",14,28.6837673187256,50.2643623352051,1
2018-12-22 19:04:01,"086",14,28.6796913146973,50.2625999450684,1
2018-12-22 19:08:29,"086",14,28.6660060882568,50.2571449279785,1
2018-12-22 19:08:37,"086",14,28.6660060882568,50.2571449279785,1
2018-12-22 19:08:39,"086",14,28.6652545928955,50.2570304870605,1
2018-12-22 19:08:42,"086",17,28.6652545928955,50.2570304870605,1
2018-12-22 19:46:41,"086",14,28.6075229644775,50.2835426330566,1
2018-12-22 19:50:46,"086",14,28.6219806671143,50.2808952331543,1
2018-12-22 16:12:36,"093",17,28.6869163513184,50.2656478881836,1
2018-12-22 16:16:51,"093",14,28.6953163146973,50.2687950134277,0
2018-12-22 16:41:16,"093",14,28.6679534912109,50.2575912475586,1
2018-12-22 16:07:25,"093",14,28.67848777771,50.2686462402344,0
2018-12-22 16:07:32,"093",17,28.67848777771,50.2686462402344,0
2018-12-22 16:12:33,"093",17,28.6869163513184,50.2656478881836,1
2018-12-22 16:43:36,"093",14,28.662670135498,50.2587127685547,0
2018-12-22 16:43:38,"093",14,28.662670135498,50.2587127685547,0
2018-12-22 16:43:46,"093",14,28.662670135498,50.2587127685547,0
2018-12-22 18:06:35,"093",14,28.6572914123535,50.2772026062012,0
2018-12-22 18:06:37,"093",14,28.6572914123535,50.2772026062012,0
2018-12-22 18:07:59,"093",14,28.6561622619629,50.2808799743652,0
2018-12-22 18:08:01,"093",14,28.6561622619629,50.2808799743652,0
2018-12-22 18:21:51,"093",14,28.655309677124,50.2857551574707,0
2018-12-22 18:26:37,"093",17,28.6571159362793,50.2952995300293,0
2018-12-22 18:27:41,"093",14,28.6561756134033,50.2919616699219,0
2018-12-22 18:33:48,"093",14,28.6580505371094,50.274299621582,0
2018-12-22 18:33:50,"093",14,28.6580505371094,50.274299621582,0
2018-12-22 08:13:22,"1050",14,28.6388320922852,50.277946472168,1
2018-12-22 07:13:22,"2288",14,28.6853904724121,50.2445526123047,1
2018-12-22 07:24:53,"2288",14,28.7032871246338,50.2517166137695,1
2018-12-22 07:39:32,"2288",14,28.6844501495361,50.2646179199219,1
2018-12-22 07:44:58,"2288",14,28.6718559265137,50.2592391967773,1
2018-12-22 07:45:06,"2288",14,28.6718559265137,50.2592391967773,1
2018-12-22 08:10:47,"2288",14,28.6143131256104,50.2822570800781,1
2018-12-22 08:10:48,"2288",14,28.6143131256104,50.2822570800781,1
2018-12-22 08:10:49,"2288",14,28.6143131256104,50.2822570800781,1
2018-12-22 08:33:39,"2288",14,28.6456909179688,50.2764015197754,1
2018-12-22 08:40:36,"2288",14,28.6502285003662,50.2623138427734,1
2018-12-22 08:40:43,"2288",14,28.6506748199463,50.2620735168457,1
2018-12-22 08:40:49,"2288",14,28.6506748199463,50.2620735168457,1
2018-12-22 08:53:10,"2288",14,28.6715545654297,50.2508087158203,1
2018-12-22 08:53:21,"2288",17,28.6715545654297,50.2508087158203,1
2018-12-22 09:12:31,"2288",2,28.7068767547607,50.2537841796875,0
2018-12-22 08:25:22,"1050",14,28.6573753356934,50.2564163208008,1
2018-12-22 08:25:45,"1050",14,28.6573753356934,50.2564163208008,1
2018-12-22 08:36:00,"1050",14,28.6775207519531,50.248649597168,1
2018-12-22 08:39:25,"1050",17,28.6855354309082,50.2445068359375,1
2018-12-22 08:54:49,"1050",14,28.7030296325684,50.2626876831055,1
2018-12-22 05:34:12,"1050",25,28.7032470703125,50.2532615661621,1
2018-12-22 05:46:33,"1050",14,28.6724739074707,50.259578704834,1
2018-12-22 05:46:50,"1050",14,28.6724739074707,50.259578704834,1
2018-12-22 05:47:02,"1050",14,28.6721286773682,50.2594261169434,1
2018-12-22 05:48:23,"1050",21,28.6677799224854,50.2575988769531,1
2018-12-22 09:11:59,"1050",17,28.6661224365234,50.2571411132812,1
2018-12-22 09:21:23,"1050",14,28.6486377716064,50.2679634094238,1
2018-12-22 06:22:59,"1050",14,28.6023235321045,50.2844734191895,1
2018-12-22 09:51:54,"1050",14,28.6277103424072,50.279899597168,1
2018-12-22 06:23:06,"1050",14,28.6023235321045,50.2844734191895,1
2018-12-22 06:23:19,"1050",14,28.6029472351074,50.284366607666,1
2018-12-22 06:51:02,"1050",17,28.6669330596924,50.2531661987305,1
2018-12-22 09:52:40,"1050",14,28.6313133239746,50.2792358398438,1
2018-12-22 09:54:17,"1050",14,28.6363277435303,50.2783546447754,1
2018-12-22 09:57:15,"1050",14,28.643648147583,50.2770385742188,1
2018-12-22 10:01:58,"1050",14,28.6487503051758,50.2655334472656,1
2018-12-22 18:43:24,"1050",14,28.6732864379883,50.2501258850098,1
2018-12-22 18:45:26,"1050",14,28.6773433685303,50.2486915588379,1
2018-12-22 18:49:46,"1050",14,28.6874828338623,50.2433624267578,1
2018-12-22 07:15:22,"1050",17,28.7030696868896,50.2587890625,1
2018-12-22 07:23:07,"1050",14,28.6898536682129,50.2669906616211,1
2018-12-22 07:31:06,"1050",14,28.667989730835,50.2576522827148,1
2018-12-22 07:43:00,"1050",14,28.6487102508545,50.2674751281738,1
2018-12-22 07:54:20,"1050",14,28.6155223846436,50.2822303771973,1
2018-12-22 08:08:19,"1050",17,28.6189651489258,50.281436920166,1
2018-12-22 08:08:47,"1050",14,28.6206245422363,50.2811317443848,1
2018-12-22 08:09:48,"1050",14,28.626184463501,50.2801704406738,1
2018-12-22 10:04:35,"1050",14,28.652946472168,50.2611122131348,1
2018-12-22 10:04:36,"1050",14,28.652946472168,50.2611122131348,1
2018-12-22 10:14:10,"1050",14,28.6689205169678,50.2521514892578,1
2018-12-22 10:14:17,"1050",14,28.6689205169678,50.2521514892578,1
2018-12-22 10:29:35,"1050",14,28.7025032043457,50.2424011230469,1
2018-12-22 10:29:40,"1050",17,28.7025032043457,50.2424011230469,1
2018-12-22 10:29:42,"1050",17,28.7025032043457,50.2424011230469,1
2018-12-22 14:03:47,"1050",14,28.6988105773926,50.2669792175293,1
2018-12-22 14:16:23,"1050",14,28.6742820739746,50.2600364685059,1
2018-12-22 14:26:20,"1050",14,28.6559257507324,50.2579612731934,1
2018-12-22 14:37:50,"1050",14,28.6326713562012,50.2791900634766,1
2018-12-22 14:37:52,"1050",14,28.6326713562012,50.2791900634766,1
2018-12-22 15:26:40,"1050",14,28.6905326843262,50.2412528991699,1
2018-12-22 15:28:35,"1050",14,28.6958408355713,50.2378692626953,1
2018-12-22 06:34:40,"1270",14,28.6488475799561,50.2668724060059,1
2018-12-22 07:00:51,"1270",14,28.610912322998,50.2829208374023,1
2018-12-22 07:02:02,"1270",14,28.6132259368896,50.2824935913086,1
2018-12-22 07:12:44,"1270",14,28.6483402252197,50.2688865661621,1
2018-12-22 07:17:07,"1270",14,28.6520862579346,50.2614707946777,1
2018-12-22 07:39:45,"1270",14,28.7025909423828,50.2441864013672,1
2018-12-22 07:39:57,"1270",14,28.7025909423828,50.2441864013672,1
2018-12-22 07:40:09,"1270",14,28.7025909423828,50.2441864013672,1
2018-12-22 07:43:37,"1270",14,28.7032833099365,50.2516784667969,1
2018-12-22 08:00:20,"1270",14,28.6734619140625,50.2599487304688,1
2018-12-22 08:14:36,"1270",14,28.648775100708,50.266731262207,1
2018-12-22 08:14:39,"1270",14,28.648775100708,50.266731262207,1
2018-12-22 08:43:03,"1270",14,28.6129302978516,50.2825698852539,1
2018-12-22 08:43:14,"1270",14,28.6129302978516,50.2825698852539,1
2018-12-22 06:52:29,"1280",14,28.6238193511963,50.28076171875,1
2018-12-22 07:08:53,"1280",14,28.6084976196289,50.2833480834961,1
2018-12-22 07:09:04,"1280",14,28.6084976196289,50.2833480834961,1
2018-12-22 07:44:15,"1280",14,28.6912288665771,50.240852355957,1
2018-12-22 07:44:19,"1280",14,28.6912288665771,50.240852355957,1
2018-12-22 08:22:18,"1280",14,28.6513900756836,50.2618370056152,1
2018-12-22 09:04:50,"1280",14,28.6538352966309,50.2606468200684,1
2018-12-22 09:04:55,"1280",14,28.6538352966309,50.2606468200684,1
2018-12-22 12:26:31,"1280",14,28.6497020721436,50.2632675170898,1
2018-12-22 12:38:25,"1280",17,28.6664447784424,50.2534294128418,1
2018-12-22 12:38:44,"1280",14,28.6664447784424,50.2534294128418,1
2018-12-22 12:38:47,"1280",17,28.6664447784424,50.2534294128418,1
2018-12-22 12:38:57,"1280",14,28.6681880950928,50.2525062561035,1
2018-12-22 12:39:00,"1280",14,28.6681880950928,50.2525062561035,1
2018-12-22 12:53:16,"1280",14,28.7028045654297,50.2454948425293,1
2018-12-22 12:58:13,"1280",14,28.703182220459,50.257396697998,1
2018-12-22 13:02:02,"1280",14,28.6973247528076,50.2680778503418,1
2018-12-22 13:02:07,"1280",14,28.6973247528076,50.2680778503418,1
2018-12-22 13:08:39,"1280",14,28.6857051849365,50.2653007507324,1
2018-12-22 13:09:08,"1280",14,28.6855163574219,50.2652015686035,1
2018-12-22 13:09:16,"1280",14,28.6855163574219,50.2652015686035,1
2018-12-22 13:09:27,"1280",14,28.6855163574219,50.2652015686035,1
2018-12-22 13:09:28,"1280",14,28.6855163574219,50.2652015686035,1
2018-12-22 13:14:14,"1280",14,28.6733455657959,50.2599906921387,1
2018-12-22 13:15:48,"1280",14,28.6695537567139,50.2582893371582,1
2018-12-22 13:15:56,"1280",14,28.6695537567139,50.2582893371582,1
2018-12-22 13:15:58,"1280",14,28.6695537567139,50.2582893371582,1
2018-12-22 13:16:03,"1280",17,28.6695537567139,50.2582893371582,1
2018-12-22 18:16:21,"1280",16,28.6836051940918,50.2644195556641,1
2018-12-22 18:16:29,"1280",17,28.6836051940918,50.2644195556641,1
2018-12-22 18:33:05,"1280",14,28.6486053466797,50.2683143615723,1
2018-12-22 18:56:55,"1280",14,28.623420715332,50.280689239502,1
2018-12-22 18:56:57,"1280",14,28.623420715332,50.280689239502,1
2018-12-22 19:05:57,"1280",17,28.6486396789551,50.2668876647949,1
2018-12-22 19:18:34,"1280",14,28.6681461334229,50.2525482177734,1
2018-12-22 19:18:37,"1280",14,28.6681461334229,50.2525482177734,1
2018-12-22 19:18:55,"1280",14,28.6681461334229,50.2525482177734,1
2018-12-22 19:20:59,"1280",17,28.6753330230713,50.249454498291,1
2018-12-22 09:21:17,"1280",14,28.6831073760986,50.2457580566406,1
2018-12-22 09:21:31,"1280",17,28.6831073760986,50.2457580566406,1
2018-12-22 10:29:50,"1280",14,28.6047859191895,50.2840461730957,1
2018-12-22 10:31:08,"1280",14,28.6091823577881,50.2832832336426,1
2018-12-22 10:33:54,"1280",14,28.6225395202637,50.2808151245117,1
2018-12-22 10:35:16,"1280",17,28.631217956543,50.2792205810547,1
2018-12-22 10:39:34,"1280",14,28.6470985412598,50.2753067016602,1
2018-12-22 13:49:44,"1280",17,28.600700378418,50.2848205566406,1
2018-12-22 14:17:48,"1280",14,28.6671085357666,50.2530899047852,1
2018-12-22 14:43:00,"1280",14,28.7030754089355,50.2589874267578,1
2018-12-22 14:53:20,"1280",14,28.6844158172607,50.2647857666016,1
2018-12-22 14:53:21,"1280",14,28.6844158172607,50.2647857666016,1
2018-12-22 14:57:13,"1280",14,28.6731700897217,50.2597961425781,1
2018-12-22 14:58:19,"1280",14,28.6709003448486,50.2588768005371,1
2018-12-22 14:59:12,"1280",14,28.6683254241943,50.2577972412109,1
2018-12-22 14:59:14,"1280",14,28.6683254241943,50.2577972412109,1
2018-12-22 15:01:24,"1280",14,28.6639804840088,50.2568855285645,1
2018-12-22 20:52:47,"1280",26,28.65598487854,50.2580337524414,1
2018-12-22 11:43:50,"078",17,28.6515502929688,50.2617607116699,1
2018-12-22 11:46:17,"078",14,28.6487255096436,50.2674102783203,1
2018-12-22 11:46:26,"078",17,28.6487255096436,50.2674102783203,1
2018-12-22 11:57:18,"078",14,28.617525100708,50.2818984985352,1
2018-12-22 12:04:55,"078",14,28.6004333496094,50.2847862243652,1
2018-12-22 12:22:26,"078",17,28.6488609313965,50.2660827636719,1
2018-12-22 12:27:14,"078",14,28.655237197876,50.258960723877,1
2018-12-22 12:35:57,"078",17,28.6665554046631,50.2533645629883,1
2018-12-22 10:33:32,"078",17,28.6965885162354,50.2693405151367,1
2018-12-22 10:43:34,"078",14,28.6733207702637,50.2599220275879,1
2018-12-22 10:43:36,"078",14,28.6733207702637,50.2599220275879,1
2018-12-22 10:46:30,"078",14,28.6662006378174,50.257209777832,1
2018-12-22 10:49:46,"078",17,28.6611061096191,50.2549819946289,1
2018-12-22 10:49:48,"078",17,28.6611061096191,50.2549819946289,1
2018-12-22 10:59:47,"078",17,28.682107925415,50.2464141845703,1
2018-12-22 10:59:48,"078",17,28.682107925415,50.2464141845703,1
2018-12-22 11:08:23,"078",17,28.7022838592529,50.2425308227539,1
2018-12-22 11:08:31,"078",14,28.7022838592529,50.2425308227539,1
2018-12-22 11:21:09,"078",14,28.6957473754883,50.2698783874512,1
2018-12-22 11:30:17,"078",14,28.6734752655029,50.2599449157715,1
2018-12-22 12:46:17,"078",14,28.6964740753174,50.2376365661621,1
2018-12-22 08:57:51,"1270",14,28.6538162231445,50.260684967041,1
2018-12-22 08:58:16,"1270",17,28.6538162231445,50.260684967041,1
2018-12-22 12:33:06,"2290",14,28.6959247589111,50.2698211669922,1
2018-12-22 12:49:49,"2290",14,28.6608467102051,50.2559776306152,1
2018-12-22 13:27:14,"2290",14,28.6366310119629,50.2783241271973,1
2018-12-22 13:40:24,"2290",14,28.6606216430664,50.2558403015137,1
2018-12-22 13:40:41,"2290",14,28.6606216430664,50.2558403015137,1
2018-12-22 13:49:09,"2290",14,28.674674987793,50.2496566772461,1
2018-12-22 13:50:38,"2290",14,28.6805381774902,50.247184753418,1
2018-12-22 13:50:39,"2290",14,28.6805381774902,50.247184753418,1
2018-12-22 14:20:08,"2290",14,28.6778793334961,50.261791229248,1
2018-12-22 14:20:10,"2290",14,28.6778793334961,50.261791229248,1
2018-12-22 14:25:51,"2290",14,28.6650638580322,50.2569007873535,1
2018-12-22 14:26:00,"2290",14,28.6650638580322,50.2569007873535,1
2018-12-22 10:18:21,"2290",14,28.6797046661377,50.262622833252,1
2018-12-22 11:40:10,"2290",14,28.6128158569336,50.2825622558594,1
2018-12-22 11:40:18,"2290",14,28.6128158569336,50.2825622558594,1
2018-12-22 11:50:32,"2290",14,28.647144317627,50.2751579284668,1
2018-12-22 11:52:01,"2290",14,28.6481285095215,50.2708282470703,1
2018-12-22 11:53:02,"2290",14,28.648509979248,50.267822265625,1
2018-12-22 11:53:26,"2290",14,28.648509979248,50.267822265625,1
2018-12-22 11:59:31,"2290",14,28.6566257476807,50.2571716308594,1
2018-12-22 12:08:59,"2290",14,28.6707229614258,50.2511405944824,1
2018-12-22 12:09:48,"2290",14,28.6726722717285,50.2503509521484,1
2018-12-22 06:19:10,"1280",14,28.6982307434082,50.2674217224121,1
2018-12-22 12:13:25,"2290",14,28.6819076538086,50.2464561462402,1
2018-12-22 12:13:35,"2290",14,28.6819076538086,50.2464561462402,1
2018-12-22 12:14:09,"2290",17,28.6838321685791,50.2454719543457,1
2018-12-22 12:29:33,"2290",14,28.7029609680176,50.2628211975098,1
2018-12-22 15:24:50,"2290",14,28.6703395843506,50.2514114379883,1
2018-12-22 15:24:51,"2290",14,28.6703395843506,50.2514114379883,1
2018-12-22 15:38:21,"2290",14,28.7023525238037,50.2425804138184,1
2018-12-22 15:39:25,"2290",14,28.7027568817139,50.2455520629883,1
2018-12-22 16:38:20,"2290",14,28.6040477752686,50.2841491699219,1
2018-12-22 16:38:35,"2290",14,28.6040477752686,50.2841491699219,1
2018-12-22 16:38:37,"2290",14,28.6040477752686,50.2841491699219,1
2018-12-22 16:55:07,"2290",14,28.6501808166504,50.2623672485352,1
2018-12-22 06:19:22,"1280",14,28.6982307434082,50.2674217224121,1
2018-12-22 06:28:57,"1280",14,28.6741275787354,50.2603034973145,1
2018-12-22 15:56:35,"1280",14,28.660795211792,50.2553062438965,1
2018-12-22 16:10:00,"1280",14,28.6844577789307,50.2449417114258,1
2018-12-22 16:10:02,"1280",14,28.6844577789307,50.2449417114258,1
2018-12-22 17:20:35,"1280",14,28.6088371276855,50.2832832336426,1
2018-12-22 17:23:25,"1280",14,28.6243858337402,50.2804985046387,1
2018-12-22 17:23:56,"1280",14,28.6287879943848,50.279712677002,1
2018-12-22 17:36:44,"1280",14,28.6555671691895,50.2585563659668,1
2018-12-22 17:39:28,"1280",14,28.659704208374,50.2570343017578,1
2018-12-22 17:39:33,"1280",14,28.659704208374,50.2570343017578,1
2018-12-22 07:16:15,"107",21,28.6022434234619,50.2845268249512,1
2018-12-22 07:20:51,"107",14,28.6224937438965,50.2808303833008,1
2018-12-22 07:20:59,"107",14,28.6224937438965,50.2808303833008,1
2018-12-22 07:44:12,"537",14,28.6221256256104,50.2809143066406,1
2018-12-22 07:44:17,"537",14,28.6221256256104,50.2809143066406,1
2018-12-22 07:44:23,"537",14,28.6221256256104,50.2809143066406,1
2018-12-22 07:44:32,"537",14,28.6243896484375,50.2805023193359,1
2018-12-22 10:48:22,"537",14,28.6350555419922,50.2787399291992,1
2018-12-22 11:00:42,"537",14,28.6039657592773,50.2842140197754,1
2018-12-22 11:11:20,"537",14,28.6440925598145,50.2769355773926,1
2018-12-22 11:11:22,"537",14,28.6440925598145,50.2769355773926,1
2018-12-22 11:11:35,"537",14,28.6460247039795,50.2762680053711,1
2018-12-22 11:16:22,"537",14,28.6487274169922,50.2661437988281,1
2018-12-22 11:18:23,"537",14,28.6503257751465,50.2622833251953,1
2018-12-22 11:36:52,"537",14,28.6829738616943,50.2457046508789,1
2018-12-22 12:02:23,"537",17,28.6858367919922,50.2652740478516,1
2018-12-22 16:45:57,"537",14,28.6914558410645,50.2407264709473,1
2018-12-22 16:48:23,"537",17,28.6993999481201,50.2378540039062,1
2018-12-22 16:54:06,"537",14,28.7033500671387,50.2513618469238,1
2018-12-22 17:47:26,"537",14,28.603967666626,50.2841835021973,1
2018-12-22 17:49:47,"537",17,28.615364074707,50.2821273803711,1
2018-12-22 18:13:03,"537",17,28.6641254425049,50.253547668457,1
2018-12-22 18:13:09,"537",17,28.6641254425049,50.253547668457,1
2018-12-22 18:13:16,"537",17,28.6641254425049,50.253547668457,1
2018-12-22 18:48:29,"537",14,28.6833438873291,50.2641792297363,1
2018-12-22 07:42:12,"1268",14,28.6506156921387,50.2620468139648,1
2018-12-22 07:58:10,"1268",14,28.6833457946777,50.245677947998,1
2018-12-22 08:09:26,"1268",14,28.7033081054688,50.2514724731445,1
2018-12-22 08:09:32,"1268",17,28.7032794952393,50.2524757385254,1
2018-12-22 08:21:47,"1268",14,28.6886100769043,50.2664909362793,1
2018-12-22 08:48:20,"1268",14,28.6336822509766,50.2789306640625,1
2018-12-22 08:54:25,"1268",14,28.6077976226807,50.2836570739746,1
2018-12-22 09:18:04,"1268",14,28.6483135223389,50.2691268920898,1
2018-12-22 11:15:18,"1268",14,28.6744956970215,50.2497253417969,1
2018-12-22 11:24:37,"1268",14,28.6966590881348,50.2376899719238,1
2018-12-22 11:46:04,"1268",14,28.6868209838867,50.2656745910645,1
2018-12-22 11:48:18,"1268",14,28.6833057403564,50.2641944885254,1
2018-12-22 11:48:22,"1268",17,28.6833057403564,50.2641944885254,1
2018-12-22 11:48:27,"1268",14,28.6833057403564,50.2641944885254,1
2018-12-22 11:53:17,"1268",14,28.6697597503662,50.2583808898926,1
2018-12-22 08:07:52,"537",14,28.6677722930908,50.2527389526367,1
2018-12-22 08:07:53,"537",14,28.6677722930908,50.2527389526367,1
2018-12-22 08:29:54,"537",17,28.7031154632568,50.2589569091797,1
2018-12-22 11:53:39,"1268",14,28.6697597503662,50.2583808898926,1
2018-12-22 11:56:06,"1268",14,28.6633434295654,50.2566947937012,1
2018-12-22 08:30:10,"537",17,28.7031154632568,50.2589569091797,1
2018-12-22 11:56:58,"1268",14,28.6598491668701,50.2569770812988,1
2018-12-22 08:32:03,"537",14,28.6993637084961,50.266544342041,1
2018-12-22 08:59:36,"537",14,28.6485767364502,50.2682151794434,1
2018-12-22 09:31:32,"537",14,28.6400108337402,50.2776489257812,1
2018-12-22 12:36:18,"1268",17,28.6430358886719,50.2771682739258,1
2018-12-22 12:36:21,"1268",14,28.6430358886719,50.2771682739258,1
2018-12-22 12:36:32,"1268",14,28.6430358886719,50.2771682739258,1
2018-12-22 12:36:38,"1268",14,28.6430358886719,50.2771682739258,1
2018-12-22 09:31:43,"537",14,28.6400108337402,50.2776489257812,1
2018-12-22 09:31:47,"537",14,28.6400108337402,50.2776489257812,1
2018-12-22 09:34:49,"537",14,28.6478900909424,50.2721672058105,1
2018-12-22 16:04:50,"1268",17,28.6499443054199,50.2628707885742,1
2018-12-22 16:18:50,"1268",17,28.6774654388428,50.2486991882324,1
2018-12-22 09:34:57,"537",14,28.6478900909424,50.2721672058105,1
2018-12-22 16:18:56,"1268",17,28.6774654388428,50.2486991882324,1
2018-12-22 09:42:38,"537",14,28.6559047698975,50.2579727172852,1
2018-12-22 09:42:50,"537",14,28.6559047698975,50.2579727172852,1
2018-12-22 12:49:03,"537",14,28.6167373657227,50.2818946838379,1
2018-12-22 12:50:38,"537",14,28.6211624145508,50.2810935974121,1
2018-12-22 13:03:41,"537",14,28.6523933410645,50.2613334655762,1
2018-12-22 13:03:43,"537",14,28.6523933410645,50.2613334655762,1
2018-12-22 13:03:59,"537",14,28.6523933410645,50.2613334655762,1
2018-12-22 13:21:43,"537",14,28.6793441772461,50.2478370666504,1
2018-12-22 13:21:58,"537",17,28.6793441772461,50.2478370666504,1
2018-12-22 14:00:08,"537",14,28.6721858978271,50.2594108581543,1
2018-12-22 14:00:13,"537",14,28.6721858978271,50.2594108581543,1
2018-12-22 14:01:06,"537",14,28.6683654785156,50.2577590942383,1
2018-12-22 14:01:07,"537",14,28.6683654785156,50.2577590942383,1
2018-12-22 14:12:35,"537",17,28.6489849090576,50.2653846740723,1
2018-12-22 19:32:55,"537",14,28.6136283874512,50.2824401855469,1
2018-12-22 20:02:13,"537",14,28.6826801300049,50.2459869384766,1
2018-12-22 20:13:10,"537",14,28.7033023834229,50.249195098877,1
2018-12-22 20:19:14,"537",14,28.7030544281006,50.2612762451172,1
2018-12-22 20:39:02,"537",17,28.6597442626953,50.2570915222168,1
2018-12-22 20:39:07,"537",17,28.6597442626953,50.2570915222168,1
2018-12-22 21:13:36,"537",14,28.6041316986084,50.2841529846191,1
2018-12-22 21:13:38,"537",14,28.6041316986084,50.2841529846191,1
2018-12-22 21:18:13,"537",14,28.6222896575928,50.2808532714844,1
2018-12-22 21:18:28,"537",14,28.6245460510254,50.2804718017578,1
2018-12-22 09:56:52,"1268",14,28.6953506469727,50.2698669433594,1
2018-12-22 09:57:01,"1268",14,28.6944446563721,50.2691993713379,1
2018-12-22 10:01:22,"1268",14,28.6835670471191,50.2643051147461,1
2018-12-22 10:09:08,"1268",14,28.6645889282227,50.2569999694824,1
2018-12-22 10:09:18,"1268",14,28.6645889282227,50.2569999694824,1
2018-12-22 10:11:59,"1268",26,28.6606597900391,50.2560729980469,1
2018-12-22 10:56:59,"1268",14,28.6463985443115,50.2759971618652,1
2018-12-22 10:57:01,"1268",14,28.6463985443115,50.2759971618652,1
2018-12-22 10:59:46,"1268",14,28.6484355926514,50.2684936523438,1
2018-12-22 11:03:49,"1268",14,28.6502304077148,50.2623901367188,1
2018-12-22 11:03:51,"1268",14,28.6502304077148,50.2623901367188,1
2018-12-22 11:04:20,"1268",14,28.6532897949219,50.2610092163086,1
2018-12-22 11:04:25,"1268",14,28.6532897949219,50.2610092163086,1
2018-12-22 11:08:31,"1268",14,28.6598606109619,50.2569694519043,1
2018-12-22 11:10:25,"1268",14,28.6611137390137,50.2550163269043,1
2018-12-22 14:11:43,"1268",14,28.6119575500488,50.2826957702637,1
2018-12-22 14:14:49,"1268",17,28.6296634674072,50.2794990539551,1
2018-12-22 14:27:29,"1268",14,28.6549301147461,50.2593383789062,1
2018-12-22 14:36:51,"1268",14,28.6742401123047,50.2498245239258,1
2018-12-22 14:56:20,"1268",14,28.7030830383301,50.2580184936523,1
2018-12-22 14:56:30,"1268",14,28.7030830383301,50.2580184936523,1
2018-12-22 15:01:46,"1268",14,28.6960792541504,50.2697525024414,1
2018-12-22 15:20:22,"1268",14,28.6560821533203,50.2577667236328,1
2018-12-22 15:20:35,"1268",14,28.6560821533203,50.2577667236328,1
2018-12-22 11:25:06,"086",14,28.6240730285645,50.2805709838867,1
2018-12-22 11:25:31,"086",14,28.6269950866699,50.2800369262695,1
2018-12-22 11:33:07,"086",17,28.6483402252197,50.2697410583496,1
2018-12-22 11:39:13,"086",14,28.6550445556641,50.2591705322266,1
2018-12-22 11:39:24,"086",14,28.6555213928223,50.2585563659668,1
2018-12-22 12:19:25,"086",17,28.6840267181396,50.2644500732422,1
2018-12-22 12:29:45,"086",14,28.6652431488037,50.2571182250977,1
2018-12-22 12:29:46,"086",14,28.6652431488037,50.2571182250977,1
2018-12-22 16:48:45,"086",17,28.668155670166,50.2524223327637,1
2018-12-22 16:49:12,"086",17,28.6693725585938,50.2517318725586,1
2018-12-22 16:50:33,"086",14,28.6706581115723,50.2510452270508,1
2018-12-22 16:50:42,"086",14,28.6706581115723,50.2510452270508,1
2018-12-22 16:55:58,"086",14,28.6849117279053,50.2447052001953,1
2018-12-22 17:04:30,"086",14,28.7024517059326,50.243278503418,1
2018-12-22 17:04:42,"086",14,28.702486038208,50.2434272766113,1
2018-12-22 17:12:16,"086",14,28.7030544281006,50.2586784362793,1
2018-12-22 17:20:22,"086",14,28.6909694671631,50.267463684082,1
2018-12-22 17:31:25,"086",14,28.6622848510742,50.256404876709,1
2018-12-22 17:31:42,"086",14,28.6610527038574,50.2560386657715,1
2018-12-22 17:53:21,"086",14,28.6107845306396,50.2831077575684,1
2018-12-22 18:06:31,"086",14,28.6027641296387,50.2844352722168,1
2018-12-22 10:39:30,"086",14,28.6812438964844,50.2632751464844,1
2018-12-22 11:19:54,"086",14,28.6069717407227,50.2836685180664,1
2018-12-22 13:38:49,"086",14,28.6813716888428,50.2467613220215,1
2018-12-22 13:39:04,"086",14,28.6813716888428,50.2467613220215,1
2018-12-22 13:58:29,"086",14,28.6978950500488,50.2675857543945,1
2018-12-22 16:13:51,"086",17,28.7031173706055,50.2565040588379,1
2018-12-22 16:25:12,"086",14,28.6913776397705,50.2676200866699,1
2018-12-22 16:25:22,"086",14,28.6908721923828,50.267406463623,1
2018-12-22 16:32:45,"086",14,28.673059463501,50.2597465515137,1
2018-12-22 16:47:13,"086",17,28.6637783050537,50.2535018920898,1
2018-12-22 20:00:56,"086",14,28.6495208740234,50.2639694213867,1
2018-12-22 20:08:02,"086",14,28.6610527038574,50.255069732666,1
2018-12-22 20:11:07,"086",14,28.6681995391846,50.2525672912598,1
2018-12-22 20:11:08,"086",14,28.6681995391846,50.2525672912598,1
2018-12-22 20:43:06,"086",14,28.6860008239746,50.265323638916,1
2018-12-22 20:47:53,"086",14,28.6731986999512,50.2599143981934,1
2018-12-22 20:47:54,"086",14,28.6731986999512,50.2599143981934,1
2018-12-22 15:53:55,"093",14,28.6577968597412,50.2717170715332,0
2018-12-22 15:53:57,"093",14,28.6577968597412,50.2717170715332,0
2018-12-22 15:54:10,"093",14,28.6578617095947,50.2723388671875,0
2018-12-22 15:54:11,"093",14,28.6578617095947,50.2723388671875,0
2018-12-22 16:09:02,"093",14,28.6808452606201,50.2658042907715,0
2018-12-22 07:26:45,"107",14,28.647741317749,50.2731781005859,1
2018-12-22 07:36:06,"107",14,28.6592712402344,50.2568588256836,1
2018-12-22 07:56:18,"107",14,28.7025012969971,50.2432441711426,1
2018-12-22 08:28:57,"107",14,28.6488227844238,50.2666053771973,1
2018-12-22 09:09:30,"107",17,28.6478672027588,50.2723083496094,1
2018-12-22 14:39:03,"537",1,28.6486225128174,50.2668609619141,1
2018-12-22 14:39:15,"537",17,28.6486225128174,50.2668609619141,1
2018-12-22 15:01:42,"537",14,28.6897277832031,50.2418403625488,1
2018-12-22 15:01:44,"537",14,28.6897277832031,50.2418403625488,1
2018-12-22 15:07:56,"537",14,28.7024726867676,50.243579864502,1
2018-12-22 15:08:18,"537",14,28.7024726867676,50.243579864502,1
2018-12-22 15:09:13,"537",17,28.7028579711914,50.2466049194336,1
2018-12-22 15:18:22,"537",14,28.7007026672363,50.2655334472656,1
2018-12-22 15:18:32,"537",17,28.7007026672363,50.2655334472656,1
2018-12-22 15:30:32,"537",14,28.6817150115967,50.263557434082,1
2018-12-22 15:35:50,"537",14,28.6684379577637,50.2578048706055,1
2018-12-22 15:35:57,"537",14,28.6684379577637,50.2578048706055,1
2018-12-22 15:36:42,"537",14,28.6678810119629,50.2576065063477,1
2018-12-22 15:38:58,"537",14,28.6630992889404,50.2566871643066,1
2018-12-22 16:19:06,"537",14,28.6401824951172,50.2777214050293,1
2018-12-22 16:39:38,"537",14,28.674747467041,50.2495765686035,1
2018-12-22 16:39:42,"537",14,28.674747467041,50.2495765686035,1
2018-12-22 07:08:25,"1268",14,28.6358852386475,50.2785949707031,1
2018-12-22 07:08:36,"1268",14,28.6358852386475,50.2785949707031,1
2018-12-22 12:55:38,"1268",14,28.6704921722412,50.2512817382812,1
2018-12-22 12:55:56,"1268",14,28.6704921722412,50.2512817382812,1
2018-12-22 13:11:02,"1268",17,28.7023677825928,50.2422676086426,1
2018-12-22 13:11:17,"1268",14,28.7024021148682,50.2423095703125,1
2018-12-22 13:11:21,"1268",17,28.7024021148682,50.2423095703125,1
2018-12-22 13:19:41,"1268",14,28.7028827667236,50.2634620666504,1
2018-12-22 13:19:43,"1268",14,28.7028827667236,50.2634620666504,1
2018-12-22 13:19:50,"1268",14,28.7028827667236,50.2634620666504,1
2018-12-22 13:40:33,"1268",14,28.6600151062012,50.2570762634277,1
2018-12-22 13:40:41,"1268",14,28.6600151062012,50.2570762634277,1
2018-12-22 13:40:56,"1268",14,28.6600151062012,50.2570762634277,1
2018-12-22 12:41:35,"086",14,28.6489391326904,50.2664222717285,1
2018-12-22 12:41:40,"086",14,28.6489391326904,50.2664222717285,1
2018-12-22 12:50:45,"086",14,28.6349391937256,50.2787246704102,1
2018-12-22 12:52:12,"086",14,28.6293544769287,50.2797546386719,1
2018-12-22 12:55:34,"086",14,28.6163597106934,50.2820777893066,1
2018-12-22 12:55:46,"086",14,28.6149196624756,50.2823448181152,1
2018-12-22 12:55:47,"086",14,28.6149196624756,50.2823448181152,1
2018-12-22 13:05:26,"086",14,28.6063365936279,50.2837905883789,1
2018-12-22 13:06:27,"086",14,28.6098594665527,50.2831611633301,1
2018-12-22 13:06:28,"086",14,28.6098594665527,50.2831611633301,1
2018-12-22 13:08:15,"086",17,28.614631652832,50.2822761535645,1
2018-12-22 13:08:18,"086",17,28.614631652832,50.2822761535645,1
2018-12-22 13:09:49,"086",14,28.6213665008545,50.2810859680176,1
2018-12-22 13:09:56,"086",14,28.6213665008545,50.2810859680176,1
2018-12-22 13:10:02,"086",14,28.6223850250244,50.2809181213379,1
2018-12-22 13:10:27,"086",14,28.6250553131104,50.2804069519043,1
2018-12-22 13:12:42,"086",14,28.6358165740967,50.2785491943359,1
2018-12-22 13:13:48,"086",14,28.6370544433594,50.2783088684082,1
2018-12-22 13:13:56,"086",14,28.6370544433594,50.2783088684082,1
2018-12-22 13:16:53,"086",32,28.6478710174561,50.2729988098145,1
2018-12-22 13:22:23,"086",14,28.651029586792,50.2619667053223,1
2018-12-22 13:22:45,"086",14,28.653226852417,50.2610626220703,1
2018-12-22 18:15:05,"086",14,28.6379928588867,50.2781295776367,1
2018-12-22 18:15:06,"086",17,28.6379928588867,50.2781295776367,1
2018-12-22 18:22:15,"086",14,28.6501979827881,50.2623443603516,1
2018-12-22 18:27:05,"086",14,28.6603088378906,50.2563743591309,1
2018-12-22 18:28:44,"086",14,28.6612930297852,50.2543029785156,1
2018-12-22 18:29:41,"086",17,28.6631183624268,50.2538032531738,1
2018-12-22 18:31:37,"086",14,28.6700286865234,50.2514877319336,1
2018-12-22 18:47:21,"086",14,28.702880859375,50.2462425231934,1
2018-12-22 19:01:12,"086",14,28.6874771118164,50.2659454345703,1
2018-12-22 19:06:44,"086",14,28.6702766418457,50.2585563659668,1
2018-12-22 06:42:21,"2288",14,28.6089916229248,50.2832641601562,1
2018-12-22 16:30:09,"093",14,28.6904468536377,50.2672157287598,1
2018-12-22 06:42:30,"2288",14,28.6097202301025,50.2831268310547,1
2018-12-22 06:48:35,"2288",14,28.6344604492188,50.2786865234375,1
2018-12-22 07:34:43,"2288",14,28.6957988739014,50.2698783874512,1
2018-12-22 07:34:56,"2288",14,28.6954212188721,50.2698974609375,1
2018-12-22 07:40:57,"2288",14,28.6807804107666,50.263126373291,1
2018-12-22 07:42:58,"2288",14,28.6750202178955,50.2605285644531,1
2018-12-22 07:52:04,"2288",14,28.6570510864258,50.2565269470215,1
2018-12-22 08:11:20,"2288",14,28.6118774414062,50.2826271057129,1
2018-12-22 08:23:09,"2288",14,28.6067428588867,50.2836723327637,1
2018-12-22 08:25:28,"2288",14,28.6132488250732,50.2825202941895,1
2018-12-22 08:25:29,"2288",14,28.6132488250732,50.2825202941895,1
2018-12-22 08:32:17,"2288",14,28.6412544250488,50.2775077819824,1
2018-12-22 16:40:35,"093",14,28.6683826446533,50.2577667236328,1
2018-12-22 17:00:17,"093",14,28.6576366424561,50.2689247131348,0
2018-12-22 18:22:17,"093",14,28.6548938751221,50.2879867553711,0
2018-12-22 18:22:18,"093",14,28.6548938751221,50.2879867553711,0
2018-12-22 18:23:44,"093",14,28.6564693450928,50.2926826477051,0
2018-12-22 18:38:33,"093",14,28.6774158477783,50.2700080871582,0
2018-12-22 06:42:07,"1050",14,28.654468536377,50.259708404541,1
2018-12-22 07:11:47,"1050",14,28.7032604217529,50.2517776489258,1
2018-12-22 07:12:07,"1050",14,28.7032566070557,50.2524795532227,1
2018-12-22 07:26:04,"1050",14,28.6815586090088,50.263500213623,1
2018-12-22 07:26:11,"1050",14,28.6815586090088,50.263500213623,1
2018-12-22 07:29:41,"1050",14,28.6721515655518,50.2594299316406,1
2018-12-22 08:06:56,"1050",14,28.6124382019043,50.2826728820801,1
2018-12-22 08:07:02,"1050",14,28.6124382019043,50.2826728820801,1
2018-12-22 08:08:55,"1050",17,28.6214256286621,50.2810173034668,1
2018-12-22 08:09:17,"1050",14,28.6230983734131,50.2807159423828,1
2018-12-22 08:13:37,"1050",14,28.6411151885986,50.2775344848633,1
2018-12-22 08:16:43,"1050",14,28.6479072570801,50.2715759277344,1
2018-12-22 08:16:56,"1050",14,28.6480255126953,50.2707595825195,1
2018-12-22 10:17:13,"1050",14,28.6754512786865,50.2494201660156,1
2018-12-22 10:18:09,"1050",14,28.6781044006348,50.2484703063965,1
2018-12-22 10:18:21,"1050",14,28.6781044006348,50.2484703063965,1
2018-12-22 13:59:51,"1050",14,28.7032146453857,50.2589073181152,1
2018-12-22 14:17:03,"1050",14,28.6730613708496,50.259578704834,1
2018-12-22 14:17:09,"1050",14,28.6730613708496,50.259578704834,1
2018-12-22 14:17:20,"1050",14,28.6730613708496,50.259578704834,1
2018-12-22 14:22:01,"1050",14,28.6634101867676,50.2562789916992,1
2018-12-22 14:25:40,"1050",14,28.6562461853027,50.2576217651367,1
2018-12-22 14:38:31,"1050",14,28.6315269470215,50.2793846130371,1
2018-12-22 15:08:55,"1050",14,28.6541347503662,50.2599754333496,1
2018-12-22 06:17:09,"1270",14,28.6838893890381,50.2644538879395,1
2018-12-22 06:17:11,"1270",14,28.6838893890381,50.2644538879395,1
2018-12-22 07:07:46,"1270",14,28.640172958374,50.2776641845703,1
2018-12-22 07:07:55,"1270",14,28.640172958374,50.2776641845703,1
2018-12-22 07:15:53,"1270",14,28.649959564209,50.2627296447754,1
2018-12-22 07:16:28,"1270",14,28.6502132415771,50.2623100280762,1
2018-12-22 07:16:36,"1270",14,28.6502132415771,50.2623100280762,1
2018-12-22 07:24:57,"1270",17,28.6662502288818,50.2534484863281,1
2018-12-22 07:46:18,"1270",14,28.7030925750732,50.2578048706055,1
2018-12-22 07:58:24,"1270",14,28.6791934967041,50.2624168395996,1
2018-12-22 08:47:24,"1270",14,28.6353874206543,50.2785568237305,1
2018-12-22 08:47:31,"1270",14,28.6353874206543,50.2785568237305,1
2018-12-22 08:50:30,"1270",14,28.6458225250244,50.2763595581055,1
2018-12-22 09:33:44,"1280",14,28.7033557891846,50.2511672973633,1
2018-12-22 09:33:50,"1280",14,28.7033557891846,50.2511672973633,1
2018-12-22 09:33:58,"1280",14,28.7033557891846,50.2511672973633,1
2018-12-22 09:45:19,"1280",14,28.687671661377,50.2660293579102,1
2018-12-22 09:45:25,"1280",14,28.687671661377,50.2660293579102,1
2018-12-22 09:48:49,"1280",14,28.6800155639648,50.2626571655273,1
2018-12-22 09:49:00,"1280",14,28.6800155639648,50.2626571655273,1
2018-12-22 09:49:28,"1280",14,28.6780567169189,50.2618446350098,1
2018-12-22 10:00:12,"1280",14,28.6550025939941,50.2591094970703,1
2018-12-22 10:00:21,"1280",14,28.6550025939941,50.2591094970703,1
2018-12-22 10:00:22,"1280",14,28.6550025939941,50.2591094970703,1
2018-12-22 10:34:18,"1280",14,28.6247653961182,50.2804336547852,1
2018-12-22 10:37:43,"1280",14,28.6380157470703,50.2780952453613,1
2018-12-22 10:39:48,"1280",14,28.6477108001709,50.2738990783691,1
2018-12-22 10:39:53,"1280",14,28.6477108001709,50.2738990783691,1
2018-12-22 10:40:01,"1280",14,28.6477108001709,50.2738990783691,1
2018-12-22 11:02:19,"1280",14,28.6825256347656,50.246150970459,1
2018-12-22 11:02:20,"1280",14,28.6825256347656,50.246150970459,1
2018-12-22 13:23:11,"1280",14,28.6573486328125,50.2564468383789,1
2018-12-22 13:23:26,"1280",14,28.6573486328125,50.2564468383789,1
2018-12-22 13:29:05,"1280",14,28.6488380432129,50.2667617797852,1
2018-12-22 13:40:25,"1280",14,28.6161804199219,50.2822494506836,1
2018-12-22 14:00:39,"1280",14,28.6437702178955,50.2770614624023,1
2018-12-22 14:00:54,"1280",14,28.6437702178955,50.2770614624023,1
2018-12-22 14:33:47,"1280",14,28.7023906707764,50.242359161377,1
2018-12-22 14:36:11,"1280",14,28.7031307220459,50.2477607727051,1
2018-12-22 14:36:21,"1280",14,28.7031173706055,50.2479972839355,1
2018-12-22 15:00:01,"1280",14,28.66623878479,50.2572212219238,1
2018-12-22 15:00:24,"1280",14,28.66623878479,50.2572212219238,1
2018-12-22 15:07:38,"1280",14,28.6537418365479,50.2607421875,1
2018-12-22 15:07:59,"1280",14,28.6537418365479,50.2607421875,1
2018-12-22 20:47:24,"1280",14,28.648099899292,50.2708549499512,1
2018-12-22 10:37:04,"078",28,28.6914806365967,50.2677955627441,1
2018-12-22 10:37:47,"078",14,28.6905956268311,50.2673645019531,1
2018-12-22 10:38:12,"078",14,28.6877002716064,50.26611328125,1
2018-12-22 10:38:41,"078",14,28.6863555908203,50.2655220031738,1
2018-12-22 10:40:20,"078",14,28.682071685791,50.2637481689453,1
2018-12-22 10:59:56,"078",14,28.6828651428223,50.2459678649902,1
2018-12-22 11:02:30,"078",14,28.6883983612061,50.2428092956543,1
2018-12-22 11:02:31,"078",14,28.6883983612061,50.2428092956543,1
2018-12-22 11:09:23,"078",14,28.7027206420898,50.2446441650391,1
2018-12-22 11:11:52,"078",14,28.7033767700195,50.2512741088867,1
2018-12-22 11:19:13,"078",14,28.6998634338379,50.266170501709,1
2018-12-22 11:19:15,"078",14,28.6998634338379,50.266170501709,1
2018-12-22 11:19:16,"078",14,28.6998634338379,50.266170501709,1
2018-12-22 11:25:31,"078",14,28.685525894165,50.2651634216309,1
2018-12-22 11:26:19,"078",14,28.6833305358887,50.2642135620117,1
2018-12-22 11:26:20,"078",14,28.6833305358887,50.2642135620117,1
2018-12-22 12:38:08,"078",14,28.6732273101807,50.2501411437988,1
2018-12-22 12:42:27,"078",14,28.6837406158447,50.2454071044922,1
2018-12-22 12:43:26,"078",14,28.6855983734131,50.2444648742676,1
2018-12-22 05:11:28,"2288",14,28.6195106506348,50.2813415527344,1
2018-12-22 05:14:32,"2288",14,28.6348628997803,50.2787094116211,1
2018-12-22 06:07:05,"2288",17,28.6633071899414,50.2567749023438,1
2018-12-22 06:22:55,"2288",14,28.6359901428223,50.2785797119141,1
2018-12-22 06:23:04,"2288",14,28.6359901428223,50.2785797119141,1
2018-12-22 09:07:43,"2288",14,28.7032299041748,50.2477874755859,1
2018-12-22 08:23:41,"1050",14,28.6544284820557,50.2598762512207,1
2018-12-22 08:23:46,"1050",14,28.6544284820557,50.2598762512207,1
2018-12-22 08:23:51,"1050",14,28.6547908782959,50.2595252990723,1
2018-12-22 08:24:04,"1050",14,28.6551704406738,50.2589416503906,1
2018-12-22 08:35:08,"1050",14,28.675220489502,50.2494583129883,1
2018-12-22 08:35:15,"1050",14,28.675220489502,50.2494583129883,1
2018-12-22 08:35:23,"1050",14,28.675220489502,50.2494583129883,1
2018-12-22 08:47:21,"1050",14,28.7025756835938,50.2436218261719,1
2018-12-22 09:05:39,"1050",14,28.6812953948975,50.2632827758789,1
2018-12-22 09:09:19,"1050",14,28.6724491119385,50.259521484375,1
2018-12-22 09:09:44,"1050",14,28.6714897155762,50.2590713500977,1
2018-12-22 09:52:26,"1050",14,28.6308898925781,50.2793312072754,1
2018-12-22 09:55:10,"1050",17,28.6374702453613,50.2781791687012,1
2018-12-22 18:43:02,"1050",14,28.6718578338623,50.2506103515625,1
2018-12-22 07:20:17,"1280",14,28.6479053497314,50.2716941833496,1
2018-12-22 07:34:37,"1280",14,28.6663131713867,50.2534446716309,1
2018-12-22 07:34:45,"1280",14,28.6663131713867,50.2534446716309,1
2018-12-22 07:44:54,"1280",14,28.692813873291,50.2397689819336,1
2018-12-22 08:19:28,"1280",24,28.6571235656738,50.2565536499023,1
2018-12-22 08:19:28,"1280",25,28.6571235656738,50.2565536499023,1
2018-12-22 08:19:28,"1280",27,28.6571235656738,50.2565536499023,1
2018-12-22 08:19:28,"1280",28,28.6571235656738,50.2565536499023,1
2018-12-22 08:53:33,"1280",14,28.6330528259277,50.2789192199707,1
2018-12-22 11:11:16,"1280",14,28.7024784088135,50.2423858642578,1
2018-12-22 11:15:55,"1280",14,28.7032775878906,50.2542877197266,1
2018-12-22 11:38:54,"1280",17,28.6580715179443,50.2565841674805,1
2018-12-22 11:38:58,"1280",17,28.6580715179443,50.2565841674805,1
2018-12-22 11:52:04,"1280",14,28.63796043396,50.2782402038574,1
2018-12-22 11:52:12,"1280",14,28.63796043396,50.2782402038574,1
2018-12-22 11:52:16,"1280",14,28.63796043396,50.2782402038574,1
2018-12-22 12:09:50,"1280",14,28.6040534973145,50.2841339111328,1
2018-12-22 12:09:57,"1280",14,28.6040534973145,50.2841339111328,1
2018-12-22 12:54:54,"1280",14,28.7032909393311,50.2485046386719,1
2018-12-22 13:07:12,"1280",14,28.6894855499268,50.2668533325195,1
2018-12-22 13:07:14,"1280",14,28.6894855499268,50.2668533325195,1
2018-12-22 13:07:41,"1280",14,28.6874504089355,50.2660217285156,1
2018-12-22 13:08:00,"1280",14,28.6874504089355,50.2660217285156,1
2018-12-22 13:08:10,"1280",14,28.6874504089355,50.2660217285156,1
2018-12-22 13:11:13,"1280",14,28.6830749511719,50.2641296386719,1
2018-12-22 13:11:20,"1280",14,28.6830749511719,50.2641296386719,1
2018-12-22 17:40:30,"1280",17,28.6608104705811,50.2554473876953,1
2018-12-22 17:40:36,"1280",32,28.6608104705811,50.2554473876953,1
2018-12-22 17:40:37,"1280",14,28.6608104705811,50.2554473876953,1
2018-12-22 17:41:12,"1280",17,28.6609306335449,50.2552261352539,1
2018-12-22 17:41:28,"1280",32,28.6609306335449,50.2552261352539,1
2018-12-22 18:07:24,"1280",14,28.7031879425049,50.2586822509766,1
2018-12-22 18:11:09,"1280",14,28.6951637268066,50.2698249816895,1
2018-12-22 18:18:02,"1280",14,28.6778602600098,50.2618446350098,1
2018-12-22 18:19:49,"1280",14,28.6737651824951,50.2602119445801,1
2018-12-22 18:20:33,"1280",14,28.6718559265137,50.2593727111816,1
2018-12-22 18:22:55,"1280",14,28.6674880981445,50.2575416564941,1
2018-12-22 18:56:35,"1280",14,28.6211051940918,50.2810859680176,1
2018-12-22 19:22:54,"1280",17,28.6814250946045,50.246654510498,1
2018-12-22 19:24:18,"1280",14,28.6832237243652,50.2456741333008,1
2018-12-22 19:29:32,"1280",17,28.6966438293457,50.2376251220703,1
2018-12-22 20:20:19,"1280",14,28.6364002227783,50.2784614562988,1
2018-12-22 20:20:21,"1280",14,28.6364002227783,50.2784614562988,1
2018-12-22 20:20:23,"1280",14,28.6364002227783,50.2784614562988,1
2018-12-22 11:48:58,"078",17,28.647762298584,50.2743148803711,1
2018-12-22 12:06:21,"078",14,28.606086730957,50.2837295532227,1
2018-12-22 12:06:22,"078",14,28.606086730957,50.2837295532227,1
2018-12-22 12:06:44,"078",14,28.6076698303223,50.2834587097168,1
2018-12-22 12:07:04,"078",17,28.6079330444336,50.2834167480469,1
2018-12-22 12:13:53,"078",14,28.6359386444092,50.2783432006836,1
2018-12-22 12:29:56,"078",14,28.659236907959,50.2568778991699,1
2018-12-22 10:18:45,"2290",14,28.6778621673584,50.261791229248,1
2018-12-22 10:18:54,"2290",17,28.6778621673584,50.261791229248,1
2018-12-22 10:50:46,"2290",14,28.7031402587891,50.2591514587402,1
2018-12-22 10:51:02,"2290",14,28.7031402587891,50.2591514587402,1
2018-12-22 10:51:04,"2290",14,28.7031402587891,50.2591514587402,1
2018-12-22 11:09:38,"2290",14,28.6612720489502,50.2560768127441,1
2018-12-22 11:50:49,"2290",14,28.6476993560791,50.2737693786621,1
2018-12-22 11:50:55,"2290",14,28.6476993560791,50.2737693786621,1
2018-12-22 12:04:46,"2290",14,28.6616058349609,50.2540016174316,1
2018-12-22 12:07:23,"2290",14,28.6690559387207,50.2521591186523,1
2018-12-22 12:10:12,"2290",14,28.6748085021973,50.2496032714844,1
2018-12-22 12:10:16,"2290",17,28.6748085021973,50.2496032714844,1
2018-12-22 12:12:03,"2290",14,28.6788578033447,50.2480316162109,1
2018-12-22 12:25:00,"2290",14,28.7033710479736,50.2493743896484,1
2018-12-22 12:25:02,"2290",14,28.7033710479736,50.2493743896484,1
2018-12-22 12:25:10,"2290",17,28.7033710479736,50.2493743896484,1
2018-12-22 12:27:14,"2290",14,28.703239440918,50.2553825378418,1
2018-12-22 12:31:44,"2290",17,28.6973648071289,50.2680358886719,1
2018-12-22 15:23:02,"2290",14,28.663875579834,50.2536506652832,1
2018-12-22 15:27:32,"2290",14,28.6783180236816,50.2483673095703,1
2018-12-22 15:34:15,"2290",14,28.6958694458008,50.2379112243652,1
2018-12-22 15:34:18,"2290",14,28.6958694458008,50.2379112243652,1
2018-12-22 16:00:04,"2290",14,28.6831111907959,50.2641525268555,1
2018-12-22 16:00:27,"2290",14,28.6831111907959,50.2641525268555,1
2018-12-22 16:07:30,"2290",14,28.6659393310547,50.2571411132812,1
2018-12-22 16:07:32,"2290",14,28.6659393310547,50.2571411132812,1
2018-12-22 16:07:43,"2290",14,28.664945602417,50.2569465637207,1
2018-12-22 16:07:54,"2290",14,28.6645431518555,50.2568511962891,1
2018-12-22 16:08:15,"2290",14,28.6645431518555,50.2568511962891,1
2018-12-22 16:15:19,"2290",14,28.6515426635742,50.2617721557617,1
2018-12-22 16:22:48,"2290",17,28.640552520752,50.2777633666992,1
2018-12-22 17:00:19,"2290",14,28.660306930542,50.2563896179199,1
2018-12-22 17:02:18,"2290",14,28.6615905761719,50.2538948059082,1
2018-12-22 17:02:36,"2290",14,28.6615905761719,50.2538948059082,1
2018-12-22 06:58:41,"107",14,28.6322174072266,50.2793006896973,1
2018-12-22 07:16:50,"107",14,28.6043472290039,50.2841300964355,1
2018-12-22 07:23:20,"107",14,28.6330394744873,50.2789535522461,1
2018-12-22 07:23:47,"107",14,28.6362113952637,50.2783737182617,1
2018-12-22 07:24:34,"107",17,28.6389350891113,50.2778816223145,1
2018-12-22 07:25:50,"107",14,28.6436557769775,50.2770233154297,1
2018-12-22 08:25:23,"537",14,28.7033157348633,50.2498970031738,1
2018-12-22 08:43:30,"537",14,28.673755645752,50.2601051330566,1
2018-12-22 08:49:03,"537",14,28.6632499694824,50.2566070556641,1
2018-12-22 10:30:07,"537",14,28.6653785705566,50.2570457458496,1
2018-12-22 13:08:31,"537",14,28.6594161987305,50.2569351196289,1
2018-12-22 13:26:55,"537",14,28.6866722106934,50.2438430786133,1
2018-12-22 13:44:02,"537",14,28.7031917572021,50.258544921875,1
2018-12-22 13:51:56,"537",14,28.687593460083,50.2660522460938,1
2018-12-22 13:52:08,"537",14,28.687593460083,50.2660522460938,1
2018-12-22 13:52:20,"537",14,28.687593460083,50.2660522460938,1
2018-12-22 13:59:04,"537",14,28.6741046905518,50.2603302001953,1
2018-12-22 13:59:14,"537",17,28.6741046905518,50.2603302001953,1
2018-12-22 14:08:09,"537",14,28.6560859680176,50.2578544616699,1
2018-12-22 14:08:10,"537",14,28.6560859680176,50.2578544616699,1
2018-12-22 19:52:27,"537",17,28.6608276367188,50.2554817199707,1
2018-12-22 19:53:43,"537",14,28.6615352630615,50.2540016174316,1
2018-12-22 19:58:12,"537",14,28.6708507537842,50.251091003418,1
2018-12-22 20:04:51,"537",14,28.6896305084229,50.2419738769531,1
2018-12-22 20:26:52,"537",14,28.689603805542,50.2668685913086,1
2018-12-22 20:26:54,"537",14,28.689603805542,50.2668685913086,1
2018-12-22 20:26:56,"537",14,28.689603805542,50.2668685913086,1
2018-12-22 20:27:18,"537",17,28.689603805542,50.2668685913086,1
2018-12-22 20:28:44,"537",14,28.6853141784668,50.2651062011719,1
2018-12-22 20:46:30,"537",14,28.6483707427979,50.2698364257812,1
2018-12-22 21:11:50,"537",17,28.5994358062744,50.2850036621094,1
2018-12-22 21:16:57,"537",17,28.6178035736084,50.2816963195801,1
2018-12-22 21:42:56,"537",14,28.6717052459717,50.2505836486816,1
2018-12-22 21:42:59,"537",14,28.6717052459717,50.2505836486816,1
2018-12-22 21:43:01,"537",14,28.6717052459717,50.2505836486816,1
2018-12-22 21:43:05,"537",14,28.6717052459717,50.2505836486816,1
2018-12-22 21:43:09,"537",14,28.6717052459717,50.2505836486816,1
2018-12-22 09:39:28,"1268",14,28.6899871826172,50.2417411804199,1
2018-12-22 09:39:42,"1268",14,28.6899871826172,50.2417411804199,1
2018-12-22 09:39:48,"1268",14,28.6899871826172,50.2417411804199,1
2018-12-22 09:40:40,"1268",14,28.6947021484375,50.2385787963867,1
2018-12-22 10:00:30,"1268",14,28.6858959197998,50.2653388977051,1
2018-12-22 10:00:32,"1268",14,28.6858959197998,50.2653388977051,1
2018-12-22 10:00:43,"1268",14,28.6858959197998,50.2653388977051,1
2018-12-22 10:00:45,"1268",14,28.6858959197998,50.2653388977051,1
2018-12-22 10:05:55,"1268",14,28.6721477508545,50.2594223022461,1
2018-12-22 10:47:47,"1268",17,28.6127872467041,50.2826194763184,1
2018-12-22 10:48:01,"1268",14,28.6127872467041,50.2826194763184,1
2018-12-22 14:11:33,"1268",14,28.6119441986084,50.2826881408691,1
2018-12-22 14:12:27,"1268",14,28.6185989379883,50.2815132141113,1
2018-12-22 14:13:13,"1268",17,28.6186046600342,50.2815017700195,1
2018-12-22 14:13:16,"1268",14,28.6186046600342,50.2815017700195,1
2018-12-22 14:13:18,"1268",14,28.6186046600342,50.2815017700195,1
2018-12-22 14:18:02,"1268",14,28.640323638916,50.277702331543,1
2018-12-22 14:49:35,"1268",14,28.7025318145752,50.2438354492188,1
2018-12-22 14:49:44,"1268",14,28.7025318145752,50.2438354492188,1
2018-12-22 14:50:00,"1268",14,28.7025318145752,50.2438354492188,1
2018-12-22 14:50:02,"1268",14,28.7025318145752,50.2438354492188,1
2018-12-22 15:15:46,"1268",14,28.6647167205811,50.2570381164551,1
2018-12-22 15:16:01,"1268",14,28.6647167205811,50.2570381164551,1
2018-12-22 12:42:21,"2290",14,28.6759586334229,50.2609825134277,1
2018-12-22 12:55:03,"2290",14,28.6551113128662,50.2591514587402,1
2018-12-22 13:07:56,"2290",14,28.6314888000488,50.2793807983398,1
2018-12-22 13:19:26,"2290",14,28.6039924621582,50.2841644287109,1
2018-12-22 13:19:41,"2290",14,28.6061687469482,50.2837944030762,1
2018-12-22 13:19:43,"2290",14,28.6061687469482,50.2837944030762,1
2018-12-22 13:19:45,"2290",14,28.6061687469482,50.2837944030762,1
2018-12-22 13:23:12,"2290",14,28.6187019348145,50.2814865112305,1
2018-12-22 13:23:45,"2290",14,28.6233577728271,50.2806510925293,1
2018-12-22 13:36:57,"2290",26,28.6547660827637,50.2594261169434,1
2018-12-22 13:49:43,"2290",17,28.6768321990967,50.2489471435547,1
2018-12-22 13:49:59,"2290",14,28.6768321990967,50.2489471435547,1
2018-12-22 13:53:26,"2290",17,28.685245513916,50.2446594238281,1
2018-12-22 14:00:24,"2290",14,28.7026195526123,50.2439765930176,1
2018-12-22 14:45:29,"2290",14,28.6327800750732,50.2792053222656,1
2018-12-22 15:01:13,"2290",14,28.615327835083,50.282169342041,1
2018-12-22 15:01:14,"2290",14,28.615327835083,50.282169342041,1
2018-12-22 09:32:29,"107",14,28.6878414154053,50.2431449890137,1
2018-12-22 09:38:32,"107",17,28.7024879455566,50.2426414489746,1
2018-12-22 09:38:39,"107",17,28.7024879455566,50.2426414489746,1
2018-12-22 07:44:06,"537",14,28.6199188232422,50.2813148498535,1
2018-12-22 07:48:17,"537",14,28.640209197998,50.2776565551758,1
2018-12-22 07:48:27,"537",14,28.640209197998,50.2776565551758,1
2018-12-22 10:30:18,"537",14,28.6653785705566,50.2570457458496,1
2018-12-22 11:20:14,"537",26,28.6548652648926,50.2593803405762,1
2018-12-22 11:54:53,"537",14,28.7030582427979,50.2618064880371,1
2018-12-22 11:55:10,"537",14,28.7029762268066,50.2632904052734,1
2018-12-22 12:17:06,"537",14,28.6610240936279,50.2560119628906,1
2018-12-22 12:17:08,"537",14,28.6610240936279,50.2560119628906,1
2018-12-22 12:17:10,"537",14,28.6610240936279,50.2560119628906,1
2018-12-22 12:46:01,"537",14,28.6040096282959,50.2841644287109,1
2018-12-22 17:28:24,"537",14,28.648136138916,50.2715492248535,1
2018-12-22 17:55:04,"537",14,28.6379280090332,50.2781066894531,1
2018-12-22 17:55:05,"537",14,28.6379280090332,50.2781066894531,1
2018-12-22 18:12:22,"537",14,28.6613941192627,50.2539596557617,1
2018-12-22 18:32:12,"537",14,28.7033843994141,50.2501220703125,1
2018-12-22 18:32:53,"537",14,28.7033271789551,50.2516059875488,1
2018-12-22 18:32:54,"537",14,28.7033271789551,50.2516059875488,1
2018-12-22 08:06:34,"1268",14,28.702579498291,50.2440452575684,1
2018-12-22 08:24:23,"1268",17,28.6810646057129,50.2632102966309,1
2018-12-22 08:24:32,"1268",14,28.6810646057129,50.2632102966309,1
2018-12-22 08:24:48,"1268",17,28.6790809631348,50.2623825073242,1
2018-12-22 08:41:15,"1268",14,28.6486949920654,50.2664756774902,1
2018-12-22 09:08:00,"1268",14,28.6151447296143,50.2821464538574,1
2018-12-22 09:13:45,"1268",14,28.6377468109131,50.2780799865723,1
2018-12-22 11:20:31,"1268",14,28.6867256164551,50.2439079284668,1
2018-12-22 11:20:39,"1268",14,28.6867256164551,50.2439079284668,1
2018-12-22 11:28:30,"1268",14,28.702486038208,50.2431182861328,1
2018-12-22 11:29:19,"1268",14,28.702672958374,50.2443313598633,1
2018-12-22 11:37:53,"1268",14,28.7029304504395,50.2614212036133,1
2018-12-22 11:41:45,"1268",17,28.6960105895996,50.269775390625,1
2018-12-22 11:49:08,"1268",14,28.6806221008301,50.2630310058594,1
2018-12-22 11:52:00,"1268",14,28.6730537414551,50.259838104248,1
2018-12-22 11:52:19,"1268",14,28.6730537414551,50.259838104248,1
2018-12-22 11:57:59,"1268",14,28.6579151153564,50.2565574645996,1
2018-12-22 11:58:03,"1268",14,28.6579151153564,50.2565574645996,1
2018-12-22 11:58:44,"1268",14,28.6575298309326,50.256420135498,1
2018-12-22 12:03:19,"1268",14,28.6492481231689,50.264949798584,1
2018-12-22 12:15:16,"1268",14,28.6290168762207,50.2799377441406,1
2018-12-22 12:15:18,"1268",14,28.6290168762207,50.2799377441406,1
2018-12-22 12:24:36,"1268",14,28.5973052978516,50.285400390625,1
2018-12-22 12:33:16,"1268",14,28.6339817047119,50.2787971496582,1
2018-12-22 12:33:18,"1268",14,28.6339817047119,50.2787971496582,1
2018-12-22 15:33:16,"1268",14,28.6356678009033,50.2785873413086,1
2018-12-22 15:52:52,"1268",14,28.6207733154297,50.2811317443848,1
2018-12-22 16:03:03,"1268",14,28.6488857269287,50.2653999328613,1
2018-12-22 16:03:09,"1268",17,28.6488857269287,50.2653999328613,1
2018-12-22 16:04:45,"1268",14,28.6495933532715,50.2635650634766,1
2018-12-22 16:12:26,"1268",14,28.6613903045654,50.2541961669922,1
2018-12-22 16:16:35,"1268",14,28.6705303192139,50.2512474060059,1
2018-12-22 16:21:04,"1268",14,28.6826400756836,50.2460136413574,1
2018-12-22 16:21:12,"1268",14,28.6826400756836,50.2460136413574,1
2018-12-22 11:26:45,"086",14,28.631742477417,50.2792167663574,1
2018-12-22 11:27:22,"086",14,28.6350002288818,50.2786636352539,1
2018-12-22 11:27:24,"086",14,28.6350002288818,50.2786636352539,1
2018-12-22 11:31:17,"086",14,28.6474838256836,50.2748146057129,1
2018-12-22 11:31:21,"086",14,28.6474838256836,50.2748146057129,1
2018-12-22 11:36:59,"086",14,28.65016746521,50.262825012207,1
2018-12-22 12:16:48,"086",14,28.6903896331787,50.2671928405762,1
2018-12-22 12:16:50,"086",14,28.6903896331787,50.2671928405762,1
2018-12-22 12:16:51,"086",14,28.6903896331787,50.2671928405762,1
2018-12-22 12:35:30,"086",14,28.6563301086426,50.2575988769531,1
2018-12-22 12:35:34,"086",14,28.6563301086426,50.2575988769531,1
2018-12-22 12:35:37,"086",17,28.6563301086426,50.2575988769531,1
2018-12-22 12:36:36,"086",14,28.6555976867676,50.2584686279297,1
2018-12-22 16:49:26,"086",14,28.6698551177979,50.25146484375,1
2018-12-22 16:49:40,"086",14,28.6698551177979,50.25146484375,1
2018-12-22 17:03:20,"086",32,28.702278137207,50.2422714233398,1
2018-12-22 17:08:34,"086",14,28.7032356262207,50.2526245117188,1
2018-12-22 17:16:50,"086",14,28.6958045959473,50.2697792053223,1
2018-12-22 17:20:46,"086",14,28.6894187927246,50.266788482666,1
2018-12-22 17:24:21,"086",14,28.6801662445068,50.262939453125,1
2018-12-22 17:25:01,"086",14,28.6783714294434,50.2621116638184,1
2018-12-22 17:27:52,"086",14,28.6704502105713,50.2586898803711,1
2018-12-22 17:33:56,"086",17,28.6593017578125,50.2569274902344,1
2018-12-22 17:35:19,"086",14,28.657398223877,50.2563514709473,1
2018-12-22 17:35:29,"086",14,28.657398223877,50.2563514709473,1
2018-12-22 10:36:50,"086",14,28.6853370666504,50.2650947570801,1
2018-12-22 10:37:03,"086",14,28.6853370666504,50.2650947570801,1
2018-12-22 10:57:51,"086",17,28.64866065979,50.2673873901367,1
2018-12-22 10:58:17,"086",17,28.6486282348633,50.2676162719727,1
2018-12-22 11:23:54,"086",14,28.6191253662109,50.2815017700195,1
2018-12-22 11:24:06,"086",14,28.6191253662109,50.2815017700195,1
2018-12-22 13:34:27,"086",14,28.6689338684082,50.2521705627441,1
2018-12-22 13:34:34,"086",14,28.6689338684082,50.2521705627441,1
2018-12-22 13:34:48,"086",14,28.6694183349609,50.2519264221191,1
2018-12-22 13:37:35,"086",14,28.6769714355469,50.248908996582,1
2018-12-22 13:37:50,"086",14,28.6780948638916,50.2485008239746,1
2018-12-22 13:39:33,"086",14,28.6827144622803,50.2460784912109,1
2018-12-22 13:40:12,"086",14,28.6842365264893,50.2452545166016,1
2018-12-22 13:42:02,"086",14,28.688871383667,50.2425765991211,1
2018-12-22 13:56:23,"086",14,28.7029457092285,50.2626113891602,1
2018-12-22 13:58:04,"086",14,28.6996841430664,50.2662811279297,1
2018-12-22 13:58:15,"086",14,28.6996841430664,50.2662811279297,1
2018-12-22 14:02:43,"086",14,28.6911945343018,50.267578125,1
2018-12-22 14:11:49,"086",14,28.6715602874756,50.2591400146484,1
2018-12-22 16:21:21,"086",14,28.6959743499756,50.2696800231934,1
2018-12-22 16:21:22,"086",14,28.6959743499756,50.2696800231934,1
2018-12-22 16:36:26,"086",14,28.6655120849609,50.2570266723633,1
2018-12-22 20:10:28,"086",14,28.6664600372314,50.2534713745117,1
2018-12-22 20:10:32,"086",17,28.6664600372314,50.2534713745117,1
2018-12-22 20:11:10,"086",17,28.6687526702881,50.2522315979004,1
2018-12-22 20:11:15,"086",14,28.6687526702881,50.2522315979004,1
2018-12-22 20:33:29,"086",14,28.7031307220459,50.2600898742676,1
2018-12-22 20:44:47,"086",14,28.6826858520508,50.2639541625977,1
2018-12-22 20:48:06,"086",14,28.6728782653809,50.2597770690918,1
2018-12-22 20:51:31,"086",14,28.6623992919922,50.2564888000488,1
2018-12-22 21:30:38,"086",17,28.6712799072266,50.2508354187012,1
2018-12-22 21:32:04,"086",14,28.6760387420654,50.2491836547852,1
2018-12-22 07:53:05,"2073",14,28.6912727355957,50.2675971984863,1
2018-12-22 15:54:16,"093",14,28.6579132080078,50.2729568481445,0
2018-12-22 16:08:52,"093",14,28.680570602417,50.2661476135254,0
2018-12-22 15:24:12,"1050",14,28.684253692627,50.2450485229492,1
2018-12-22 15:24:22,"1050",14,28.684253692627,50.2450485229492,1
2018-12-22 15:28:45,"1050",14,28.6964988708496,50.2376441955566,1
2018-12-22 15:29:50,"1050",14,28.7006435394287,50.2378997802734,1
2018-12-22 15:37:00,"1050",14,28.7033538818359,50.2524833679199,1
2018-12-22 15:39:37,"1050",14,28.7032356262207,50.2571716308594,1
2018-12-22 15:40:39,"1050",14,28.7032260894775,50.2585525512695,1
2018-12-22 15:40:49,"1050",14,28.7032260894775,50.2585525512695,1
2018-12-22 15:40:51,"1050",14,28.7032260894775,50.2585525512695,1
2018-12-22 15:41:06,"1050",14,28.703145980835,50.2589530944824,1
2018-12-22 15:44:02,"1050",14,28.6977043151855,50.2677307128906,1
2018-12-22 15:44:04,"1050",14,28.6977043151855,50.2677307128906,1
2018-12-22 15:48:02,"1050",17,28.6913623809814,50.2676696777344,1
2018-12-22 15:50:03,"1050",14,28.6850242614746,50.2651138305664,1
2018-12-22 15:50:16,"1050",14,28.6850242614746,50.2651138305664,1
2018-12-22 15:50:23,"1050",14,28.6850242614746,50.2651138305664,1
2018-12-22 15:52:01,"1050",14,28.6811408996582,50.2633895874023,1
2018-12-22 15:52:02,"1050",14,28.6811408996582,50.2633895874023,1
2018-12-22 15:52:04,"1050",14,28.6811408996582,50.2633895874023,1
2018-12-22 15:57:32,"1050",14,28.6662158966064,50.2572288513184,1
2018-12-22 16:02:26,"1050",14,28.6577243804932,50.2564010620117,1
2018-12-22 16:02:31,"1050",14,28.6577243804932,50.2564010620117,1
2018-12-22 16:02:38,"1050",14,28.6577243804932,50.2564010620117,1
2018-12-22 16:02:39,"1050",14,28.6577243804932,50.2564010620117,1
2018-12-22 16:17:27,"1050",14,28.6321926116943,50.2793083190918,1
2018-12-22 16:33:24,"1050",26,28.6072254180908,50.2835235595703,1
2018-12-22 18:13:49,"1050",25,28.6972846984863,50.2688064575195,1
2018-12-22 18:19:18,"1050",17,28.6906890869141,50.2673683166504,1
2018-12-22 06:37:33,"1280",14,28.6573314666748,50.2563743591309,1
2018-12-22 15:52:03,"1280",14,28.65478515625,50.2592353820801,1
2018-12-22 15:55:31,"1280",14,28.6598110198975,50.257007598877,1
2018-12-22 16:24:02,"1280",17,28.7031841278076,50.2564544677734,1
2018-12-22 16:24:19,"1280",32,28.7031841278076,50.2564544677734,1
2018-12-22 16:40:27,"1280",17,28.6746559143066,50.2604026794434,1
2018-12-22 16:40:29,"1280",14,28.6746559143066,50.2604026794434,1
2018-12-22 16:40:31,"1280",14,28.6746559143066,50.2604026794434,1
2018-12-22 16:46:56,"1280",14,28.660457611084,50.2561073303223,1
2018-12-22 16:54:07,"1280",14,28.6502685546875,50.2623329162598,1
2018-12-22 17:21:38,"1280",14,28.6133766174316,50.2825012207031,1
2018-12-22 17:21:40,"1280",14,28.6133766174316,50.2825012207031,1
2018-12-22 17:21:50,"1280",14,28.6133766174316,50.2825012207031,1
2018-12-22 06:45:08,"2288",17,28.6185817718506,50.2815208435059,1
2018-12-22 06:49:57,"2288",14,28.6402759552002,50.2776489257812,1
2018-12-22 06:50:39,"2288",14,28.6425628662109,50.2772445678711,1
2018-12-22 07:13:13,"2288",14,28.6850700378418,50.244743347168,1
2018-12-22 07:31:47,"2288",17,28.7004776000977,50.2657775878906,1
2018-12-22 08:09:52,"2288",17,28.6177425384521,50.2816963195801,1
2018-12-22 08:22:48,"2288",14,28.6051940917969,50.2839775085449,1
2018-12-22 08:23:13,"2288",14,28.6067657470703,50.2836647033691,1
2018-12-22 08:23:39,"2288",14,28.6076908111572,50.2834892272949,1
2018-12-22 08:33:30,"2288",14,28.6446056365967,50.2767562866211,1
2018-12-22 05:42:04,"1050",17,28.6915721893311,50.2677841186523,1
2018-12-22 06:31:23,"1050",14,28.6375961303711,50.2781448364258,1
2018-12-22 06:38:29,"1050",14,28.6492004394531,50.2645492553711,1
2018-12-22 07:12:27,"1050",14,28.7032451629639,50.2527465820312,1
2018-12-22 07:12:30,"1050",14,28.7032451629639,50.2527465820312,1
2018-12-22 07:23:17,"1050",14,28.6889514923096,50.2666053771973,1
2018-12-22 07:27:23,"1050",14,28.67626953125,50.2611999511719,1
2018-12-22 07:29:36,"1050",14,28.672420501709,50.2595405578613,1
2018-12-22 07:29:58,"1050",14,28.6707706451416,50.258846282959,1
2018-12-22 07:43:15,"1050",14,28.6485424041748,50.2688255310059,1
2018-12-22 07:44:51,"1050",14,28.6481075286865,50.2717704772949,1
2018-12-22 08:05:39,"1050",14,28.6099700927734,50.2830963134766,1
2018-12-22 08:05:43,"1050",14,28.6099700927734,50.2830963134766,1
2018-12-22 08:06:17,"1050",14,28.6115741729736,50.2828102111816,1
2018-12-22 08:17:03,"1050",14,28.648120880127,50.2701454162598,1
2018-12-22 10:21:26,"1050",14,28.6853656768799,50.2445869445801,1
2018-12-22 14:03:37,"1050",14,28.6994895935059,50.2665138244629,1
2018-12-22 14:12:07,"1050",14,28.6832599639893,50.2642097473145,1
2018-12-22 14:12:09,"1050",14,28.6832599639893,50.2642097473145,1
2018-12-22 14:31:40,"1050",14,28.648365020752,50.270378112793,1
2018-12-22 14:38:01,"1050",14,28.6323890686035,50.279239654541,1
2018-12-22 15:12:03,"1050",14,28.6599006652832,50.2570037841797,1
2018-12-22 15:16:12,"1050",14,28.6660099029541,50.2536964416504,1
2018-12-22 15:16:58,"1050",14,28.6673183441162,50.253101348877,1
2018-12-22 05:15:21,"2288",14,28.6372985839844,50.2782516479492,1
2018-12-22 05:20:01,"2288",17,28.648853302002,50.266544342041,1
2018-12-22 05:20:19,"2288",17,28.648853302002,50.266544342041,1
2018-12-22 05:21:25,"2288",14,28.6501693725586,50.2627182006836,1
2018-12-22 05:21:27,"2288",14,28.6501693725586,50.2627182006836,1
2018-12-22 06:03:28,"2288",14,28.6723480224609,50.2595291137695,1
2018-12-22 06:40:59,"2288",14,28.6037998199463,50.2842063903809,1
2018-12-22 06:41:23,"2288",14,28.605375289917,50.2839164733887,1
2018-12-22 08:33:59,"2288",14,28.647045135498,50.2753486633301,1
2018-12-22 08:35:42,"2288",14,28.6482543945312,50.2694282531738,1
2018-12-22 08:35:48,"2288",14,28.6482543945312,50.2694282531738,1
2018-12-22 08:35:51,"2288",14,28.6482543945312,50.2694282531738,1
2018-12-22 08:36:09,"2288",14,28.6482543945312,50.2694282531738,1
2018-12-22 08:37:00,"2288",14,28.6488704681396,50.2674865722656,1
2018-12-22 08:37:07,"2288",14,28.6488704681396,50.2674865722656,1
2018-12-22 08:38:37,"2288",14,28.6487636566162,50.2652587890625,1
2018-12-22 09:01:08,"2288",14,28.6915130615234,50.2407836914062,1
2018-12-22 09:12:12,"2288",26,28.706729888916,50.2536010742188,0
2018-12-22 08:27:55,"1050",14,28.6604690551758,50.256046295166,1
2018-12-22 08:40:31,"1050",14,28.6886501312256,50.2426452636719,1
2018-12-22 08:41:05,"1050",14,28.6898918151855,50.241813659668,1
2018-12-22 09:03:39,"1050",14,28.6859111785889,50.2652816772461,1
2018-12-22 09:50:44,"1050",14,28.6203193664551,50.2812309265137,1
2018-12-22 18:40:35,"1050",14,28.6676425933838,50.2527847290039,1
2018-12-22 18:42:04,"1050",14,28.670389175415,50.2513160705566,1
2018-12-22 18:42:06,"1050",14,28.670389175415,50.2513160705566,1
2018-12-22 06:40:18,"1270",14,28.6392955780029,50.2779846191406,1
2018-12-22 07:11:17,"1270",14,28.6479606628418,50.2718658447266,1
2018-12-22 07:44:32,"1270",14,28.7032451629639,50.2532348632812,1
2018-12-22 07:44:34,"1270",14,28.7032451629639,50.2532348632812,1
2018-12-22 08:08:32,"1270",17,28.6578540802002,50.2564964294434,1
2018-12-22 08:09:06,"1270",14,28.6573715209961,50.2563209533691,1
2018-12-22 08:43:38,"1270",14,28.6151123046875,50.2821846008301,1
2018-12-22 08:48:38,"1270",14,28.6377391815186,50.2781448364258,1
2018-12-22 08:52:58,"1270",14,28.6484870910645,50.2679557800293,1
2018-12-22 09:22:57,"1280",14,28.6867198944092,50.2437782287598,1
2018-12-22 09:24:55,"1280",14,28.6916351318359,50.2405891418457,1
2018-12-22 09:26:31,"1280",24,28.6963653564453,50.2376976013184,1
2018-12-22 09:26:31,"1280",28,28.6963653564453,50.2376976013184,1
2018-12-22 09:33:10,"1280",14,28.7032108306885,50.2482414245605,1
2018-12-22 09:33:18,"1280",14,28.7032108306885,50.2482414245605,1
2018-12-22 09:34:45,"1280",14,28.7032775878906,50.2526702880859,1
2018-12-22 09:44:58,"1280",14,28.6896190643311,50.2668609619141,1
2018-12-22 10:27:23,"1280",14,28.5946216583252,50.2858123779297,1
2018-12-22 10:46:41,"1280",14,28.6537704467773,50.2607307434082,1
2018-12-22 13:21:21,"1280",14,28.6597805023193,50.2570648193359,1
2018-12-22 13:22:31,"1280",32,28.6578750610352,50.2565498352051,1
2018-12-22 13:22:31,"1280",17,28.6578750610352,50.2565498352051,1
2018-12-22 13:22:48,"1280",32,28.6578750610352,50.2565498352051,1
2018-12-22 13:22:53,"1280",14,28.6578750610352,50.2565498352051,1
2018-12-22 13:25:01,"1280",14,28.654935836792,50.2592849731445,1
2018-12-22 13:27:06,"1280",14,28.65185546875,50.2617340087891,1
2018-12-22 13:27:15,"1280",14,28.65185546875,50.2617340087891,1
2018-12-22 13:41:08,"1280",14,28.6117362976074,50.2830047607422,1
2018-12-22 14:28:03,"1280",14,28.6892852783203,50.2422943115234,1
2018-12-22 14:28:09,"1280",14,28.6892852783203,50.2422943115234,1
2018-12-22 14:30:19,"1280",14,28.6958255767822,50.237922668457,1
2018-12-22 14:37:55,"1280",14,28.7033195495605,50.2523498535156,1
2018-12-22 14:37:57,"1280",14,28.7033195495605,50.2523498535156,1
2018-12-22 14:49:12,"1280",26,28.6940860748291,50.268928527832,1
2018-12-22 14:52:09,"1280",14,28.6863613128662,50.2655448913574,1
2018-12-22 06:46:43,"1280",14,28.6455955505371,50.2765693664551,1
2018-12-22 07:16:34,"1280",14,28.6385955810547,50.277946472168,1
2018-12-22 07:21:21,"1280",14,28.6483325958252,50.2687568664551,1
2018-12-22 07:26:14,"1280",14,28.6536064147949,50.2607421875,1
2018-12-22 07:35:02,"1280",14,28.6679153442383,50.2527046203613,1
2018-12-22 07:41:58,"1280",14,28.6858215332031,50.2442741394043,1
2018-12-22 08:01:44,"1280",14,28.6948928833008,50.2696304321289,1
2018-12-22 08:19:57,"1280",14,28.6560211181641,50.2579040527344,1
2018-12-22 08:45:50,"1280",14,28.6037101745605,50.2841835021973,1
2018-12-22 08:45:58,"1280",14,28.6037101745605,50.2841835021973,1
2018-12-22 08:46:12,"1280",14,28.6059341430664,50.2838096618652,1
2018-12-22 08:55:44,"1280",14,28.6404857635498,50.2775917053223,1
2018-12-22 08:55:54,"1280",14,28.6404857635498,50.2775917053223,1
2018-12-22 08:56:03,"1280",14,28.6404857635498,50.2775917053223,1
2018-12-22 08:57:30,"1280",14,28.645923614502,50.2762794494629,1
2018-12-22 08:57:41,"1280",14,28.6472682952881,50.2750511169434,1
2018-12-22 08:57:58,"1280",14,28.6472682952881,50.2750511169434,1
2018-12-22 08:59:09,"1280",14,28.6481552124023,50.2706451416016,1
2018-12-22 09:03:35,"1280",14,28.6503372192383,50.2622413635254,1
2018-12-22 09:03:43,"1280",14,28.6503372192383,50.2622413635254,1
2018-12-22 11:07:23,"1280",14,28.6956844329834,50.2380599975586,1
2018-12-22 11:07:25,"1280",14,28.6956844329834,50.2380599975586,1
2018-12-22 11:15:14,"1280",14,28.7033348083496,50.2527351379395,1
2018-12-22 11:34:28,"1280",14,28.6675243377686,50.2574653625488,1
2018-12-22 11:34:47,"1280",14,28.6675243377686,50.2574653625488,1
2018-12-22 11:43:46,"1280",14,28.6519031524658,50.2616767883301,1
2018-12-22 11:43:56,"1280",14,28.6519031524658,50.2616767883301,1
2018-12-22 12:28:30,"1280",14,28.6549396514893,50.2593383789062,1
2018-12-22 12:40:45,"1280",14,28.6718330383301,50.2506217956543,1
2018-12-22 12:42:34,"1280",14,28.6779766082764,50.2484550476074,1
2018-12-22 12:47:55,"1280",17,28.6949005126953,50.2384757995605,1
2018-12-22 12:53:29,"1280",17,28.7029895782471,50.246955871582,1
2018-12-22 12:55:33,"1280",17,28.7033615112305,50.2514343261719,1
2018-12-22 13:01:24,"1280",14,28.6993999481201,50.2665176391602,1
2018-12-22 13:10:30,"1280",14,28.6834659576416,50.2643013000488,1
2018-12-22 13:10:49,"1280",14,28.6834659576416,50.2643013000488,1
2018-12-22 13:10:51,"1280",14,28.6834659576416,50.2643013000488,1
2018-12-22 13:16:58,"1280",32,28.6675796508789,50.2574691772461,1
2018-12-22 13:17:24,"1280",14,28.6675796508789,50.2574691772461,1
2018-12-22 17:54:05,"1280",14,28.6921653747559,50.2402267456055,1
2018-12-22 17:54:17,"1280",14,28.693811416626,50.2391624450684,1
2018-12-22 17:59:50,"1280",14,28.702615737915,50.2440185546875,1
2018-12-22 18:01:53,"1280",14,28.7033233642578,50.2494506835938,1
2018-12-22 18:17:43,"1280",14,28.6797485351562,50.2626914978027,1
2018-12-22 18:32:09,"1280",14,28.6489028930664,50.2667999267578,1
2018-12-22 19:01:11,"1280",14,28.6413841247559,50.2774391174316,1
2018-12-22 19:08:57,"1280",14,28.650728225708,50.262020111084,1
2018-12-22 19:49:05,"1280",14,28.6892280578613,50.266674041748,1
2018-12-22 19:55:53,"1280",14,28.6737957000732,50.2600326538086,1
2018-12-22 19:57:32,"1280",17,28.6698246002197,50.2583389282227,1
2018-12-22 20:21:19,"1280",14,28.6342144012451,50.2788429260254,1
2018-12-22 20:40:09,"1280",14,28.6196575164795,50.281421661377,1
2018-12-22 20:42:34,"1280",14,28.6330852508545,50.2789764404297,1
2018-12-22 20:42:48,"1280",14,28.6330852508545,50.2789764404297,1
2018-12-22 10:39:19,"078",14,28.6851005554199,50.2650375366211,1
2018-12-22 10:39:26,"078",32,28.6851005554199,50.2650375366211,1
2018-12-22 10:39:33,"078",17,28.6851005554199,50.2650375366211,1
2018-12-22 10:52:45,"078",14,28.6678295135498,50.2527236938477,1
2018-12-22 11:23:36,"078",14,28.6910305023193,50.2675094604492,1
2018-12-22 11:32:08,"078",14,28.6708297729492,50.2587661743164,1
2018-12-22 12:05:58,"078",14,28.6029624938965,50.2843132019043,1
2018-12-22 12:07:27,"078",14,28.6099395751953,50.2830238342285,1
2018-12-22 12:13:12,"078",14,28.6328449249268,50.2788543701172,1
2018-12-22 12:15:45,"078",14,28.6402149200439,50.2775802612305,1
2018-12-22 12:16:41,"078",14,28.6413898468018,50.2773933410645,1
2018-12-22 12:16:42,"078",14,28.6413898468018,50.2773933410645,1
2018-12-22 12:16:44,"078",14,28.6413898468018,50.2773933410645,1
2018-12-22 12:16:44,"078",17,28.6413898468018,50.2773933410645,1
2018-12-22 12:16:45,"078",14,28.6413898468018,50.2773933410645,1
2018-12-22 12:16:47,"078",14,28.6413898468018,50.2773933410645,1
2018-12-22 12:16:48,"078",14,28.6413898468018,50.2773933410645,1
2018-12-22 12:16:50,"078",14,28.6413898468018,50.2773933410645,1
2018-12-22 12:16:51,"078",14,28.6413898468018,50.2773933410645,1
2018-12-22 12:16:51,"078",17,28.6413898468018,50.2773933410645,1
2018-12-22 12:16:53,"078",14,28.6413898468018,50.2773933410645,1
2018-12-22 12:16:54,"078",14,28.6413898468018,50.2773933410645,1
2018-12-22 12:16:57,"078",17,28.6413898468018,50.2773933410645,1
2018-12-22 12:20:52,"078",14,28.6484317779541,50.2681198120117,1
2018-12-22 12:24:18,"078",14,28.6498794555664,50.263011932373,1
2018-12-22 12:24:29,"078",14,28.6499576568604,50.2627983093262,1
2018-12-22 13:33:34,"2290",14,28.6489086151123,50.2653312683105,1
2018-12-22 13:34:58,"2290",14,28.6501522064209,50.2624320983887,1
2018-12-22 13:39:56,"2290",32,28.6597728729248,50.2570266723633,1
2018-12-22 14:15:33,"2290",14,28.6896514892578,50.2668724060059,1
2018-12-22 14:15:43,"2290",14,28.6896514892578,50.2668724060059,1
2018-12-22 14:17:08,"2290",14,28.6856727600098,50.2652549743652,1
2018-12-22 14:33:48,"2290",17,28.6540393829346,50.2605094909668,1
2018-12-22 14:34:02,"2290",14,28.6540393829346,50.2605094909668,1
2018-12-22 14:34:13,"2290",14,28.6540393829346,50.2605094909668,1
2018-12-22 14:43:21,"2290",14,28.6396160125732,50.2779808044434,1
2018-12-22 09:34:56,"107",14,28.6959857940674,50.2378959655762,1
2018-12-22 09:34:58,"107",14,28.6959857940674,50.2378959655762,1
2018-12-22 09:35:06,"107",14,28.6959857940674,50.2378959655762,1
2018-12-22 09:35:08,"107",14,28.6959857940674,50.2378959655762,1
2018-12-22 10:14:58,"2290",14,28.6894588470459,50.2668266296387,1
2018-12-22 10:15:05,"2290",14,28.6894588470459,50.2668266296387,1
2018-12-22 10:29:05,"2290",14,28.668815612793,50.2522468566895,1
2018-12-22 10:29:10,"2290",14,28.668815612793,50.2522468566895,1
2018-12-22 10:29:20,"2290",14,28.668815612793,50.2522468566895,1
2018-12-22 10:58:33,"2290",14,28.6891212463379,50.2666893005371,1
2018-12-22 11:08:46,"2290",14,28.6633701324463,50.2567367553711,1
2018-12-22 11:10:35,"2290",14,28.6599788665771,50.2569923400879,1
2018-12-22 11:10:52,"2290",14,28.6599788665771,50.2569923400879,1
2018-12-22 11:41:38,"2290",14,28.6194515228271,50.2813491821289,1
2018-12-22 11:41:49,"2290",14,28.6194515228271,50.2813491821289,1
2018-12-22 11:42:04,"2290",14,28.6194515228271,50.2813491821289,1
2018-12-22 11:42:59,"2290",14,28.6261615753174,50.2801513671875,1
2018-12-22 11:43:05,"2290",14,28.628345489502,50.2797584533691,1
2018-12-22 11:43:16,"2290",17,28.628345489502,50.2797584533691,1
2018-12-22 11:59:57,"2290",14,28.6572704315186,50.2563896179199,1
2018-12-22 12:01:52,"2290",14,28.6608695983887,50.2557067871094,1
2018-12-22 12:15:37,"2290",14,28.6884746551514,50.2428092956543,1
2018-12-22 12:15:49,"2290",14,28.6884746551514,50.2428092956543,1
2018-12-22 12:15:51,"2290",14,28.6884746551514,50.2428092956543,1
2018-12-22 12:22:27,"2290",17,28.7025203704834,50.2425918579102,1
2018-12-22 12:22:33,"2290",14,28.7025203704834,50.2425918579102,1
2018-12-22 12:23:04,"2290",14,28.7028064727783,50.2455635070801,1
2018-12-22 12:24:28,"2290",14,28.7032108306885,50.2477912902832,1
2018-12-22 12:26:55,"2290",14,28.703239440918,50.2539443969727,1
2018-12-22 15:02:41,"2290",14,28.6220417022705,50.2809257507324,1
2018-12-22 15:03:04,"2290",14,28.6243152618408,50.2805061340332,1
2018-12-22 15:16:53,"2290",14,28.6547946929932,50.259334564209,1
2018-12-22 15:22:16,"2290",14,28.6613693237305,50.2542915344238,1
2018-12-22 15:26:56,"2290",14,28.6763401031494,50.2491645812988,1
2018-12-22 15:27:14,"2290",17,28.6763401031494,50.2491645812988,1
2018-12-22 15:48:55,"2290",14,28.6992492675781,50.2665748596191,1
2018-12-22 15:58:57,"2290",14,28.685245513916,50.2650833129883,1
2018-12-22 16:04:54,"2290",14,28.6721649169922,50.2594146728516,1
2018-12-22 16:05:17,"2290",14,28.6721649169922,50.2594146728516,1
2018-12-22 16:12:57,"2290",14,28.6560611724854,50.2577323913574,1
2018-12-22 16:17:13,"2290",14,28.6486034393311,50.2654647827148,1
2018-12-22 16:42:59,"2290",14,28.6220455169678,50.2808837890625,1
2018-12-22 16:43:12,"2290",14,28.6220455169678,50.2808837890625,1
2018-12-22 16:45:23,"2290",14,28.6332454681396,50.2789115905762,1
2018-12-22 16:45:29,"2290",14,28.6332454681396,50.2789115905762,1
2018-12-22 06:51:07,"537",14,28.7030506134033,50.2607269287109,1
2018-12-22 07:27:23,"537",14,28.6171913146973,50.2818946838379,1
2018-12-22 07:42:26,"537",14,28.6131973266602,50.2825012207031,1
2018-12-22 07:42:41,"537",14,28.6131973266602,50.2825012207031,1
2018-12-22 10:32:05,"537",14,28.6609153747559,50.2560043334961,1
2018-12-22 10:32:06,"537",14,28.6609153747559,50.2560043334961,1
2018-12-22 10:32:56,"537",14,28.6596698760986,50.2570381164551,1
2018-12-22 11:30:17,"537",14,28.6671504974365,50.2531318664551,1
2018-12-22 11:30:21,"537",14,28.6671504974365,50.2531318664551,1
2018-12-22 11:30:22,"537",14,28.6671504974365,50.2531318664551,1
2018-12-22 11:39:20,"537",14,28.6870231628418,50.2436637878418,1
2018-12-22 11:41:16,"537",14,28.6918601989746,50.2403755187988,1
2018-12-22 12:26:29,"537",17,28.6487865447998,50.2671241760254,1
2018-12-22 16:45:48,"537",14,28.6898765563965,50.2417945861816,1
2018-12-22 16:52:10,"537",14,28.7029895782471,50.2468948364258,1
2018-12-22 16:52:14,"537",14,28.7029895782471,50.2468948364258,1
2018-12-22 17:13:28,"537",14,28.6722106933594,50.2593650817871,1
2018-12-22 17:34:11,"537",14,28.6343002319336,50.2788581848145,1
2018-12-22 17:46:02,"537",14,28.5972557067871,50.2854194641113,1
2018-12-22 18:27:10,"537",14,28.7014904022217,50.2379341125488,1
2018-12-22 08:01:33,"1268",14,28.694221496582,50.2389526367188,1
2018-12-22 08:15:49,"1268",17,28.7002239227295,50.2659492492676,1
2018-12-22 08:42:05,"1268",14,28.6487007141113,50.2673568725586,1
2018-12-22 08:42:07,"1268",14,28.6487007141113,50.2673568725586,1
2018-12-22 08:42:14,"1268",14,28.6487007141113,50.2673568725586,1
2018-12-22 09:05:15,"1268",14,28.6069202423096,50.283618927002,1
2018-12-22 09:09:26,"1268",17,28.6209278106689,50.2810668945312,1
2018-12-22 09:15:43,"1268",14,28.6456680297852,50.2763977050781,1
2018-12-22 09:15:48,"1268",17,28.6456680297852,50.2763977050781,1
2018-12-22 09:20:44,"1268",14,28.6497955322266,50.2631416320801,1
2018-12-22 09:20:53,"1268",17,28.6497955322266,50.2631416320801,1
2018-12-22 09:22:40,"1268",14,28.6532878875732,50.2609214782715,1
2018-12-22 09:28:17,"1268",14,28.6611614227295,50.2549057006836,1
2018-12-22 09:31:58,"1268",14,28.6713905334473,50.2507667541504,1
2018-12-22 09:33:42,"1268",14,28.6756000518799,50.2493858337402,1
2018-12-22 09:34:05,"1268",14,28.6756000518799,50.2493858337402,1
2018-12-22 11:32:12,"1268",14,28.7033824920654,50.2505149841309,1
2018-12-22 11:32:22,"1268",14,28.7033824920654,50.2505149841309,1
2018-12-22 11:32:26,"1268",14,28.7033824920654,50.2505149841309,1
2018-12-22 11:33:10,"1268",14,28.7033386230469,50.251579284668,1
2018-12-22 11:34:09,"1268",14,28.7032413482666,50.2539939880371,1
2018-12-22 11:56:30,"1268",14,28.6618137359619,50.2562561035156,1
2018-12-22 11:56:31,"1268",14,28.6618137359619,50.2562561035156,1
2018-12-22 12:15:59,"1268",14,28.6223659515381,50.2810401916504,1
2018-12-22 12:16:00,"1268",14,28.6223659515381,50.2810401916504,1
2018-12-22 12:26:20,"1268",14,28.6045417785645,50.2840614318848,1
2018-12-22 12:26:24,"1268",14,28.6045417785645,50.2840614318848,1
2018-12-22 12:33:44,"1268",14,28.6357383728027,50.2784996032715,1
2018-12-22 12:34:57,"1268",14,28.6391792297363,50.2778816223145,1
2018-12-22 12:35:01,"1268",14,28.6391792297363,50.2778816223145,1
2018-12-22 16:32:18,"1268",14,28.7026138305664,50.2441864013672,1
2018-12-22 06:38:09,"107",14,28.6715755462646,50.2591438293457,1
2018-12-22 07:18:56,"107",14,28.6125392913818,50.2826499938965,1
2018-12-22 07:19:06,"107",14,28.6125392913818,50.2826499938965,1
2018-12-22 07:20:12,"107",14,28.6186256408691,50.2815055847168,1
2018-12-22 07:20:20,"107",14,28.6186256408691,50.2815055847168,1
2018-12-22 07:22:13,"107",14,28.6306133270264,50.279411315918,1
2018-12-22 08:15:24,"537",14,28.6848125457764,50.2449150085449,1
2018-12-22 08:46:11,"537",14,28.6679267883301,50.2575645446777,1
2018-12-22 09:32:41,"537",17,28.6423416137695,50.2772598266602,1
2018-12-22 09:32:50,"537",14,28.6423416137695,50.2772598266602,1
2018-12-22 09:32:51,"537",14,28.6423416137695,50.2772598266602,1
2018-12-22 09:32:53,"537",14,28.6423416137695,50.2772598266602,1
2018-12-22 09:32:57,"537",14,28.6423416137695,50.2772598266602,1
2018-12-22 09:41:48,"537",14,28.6537437438965,50.2606353759766,1
2018-12-22 09:50:04,"537",14,28.6662006378174,50.2534484863281,1
2018-12-22 09:53:19,"537",14,28.6752777099609,50.2493782043457,1
2018-12-22 10:00:20,"537",14,28.6902713775635,50.2415809631348,1
2018-12-22 10:02:37,"537",14,28.6962432861328,50.2377510070801,1
2018-12-22 10:27:32,"537",14,28.6717567443848,50.2592658996582,1
2018-12-22 10:27:36,"537",14,28.6717567443848,50.2592658996582,1
2018-12-22 10:27:44,"537",14,28.6717567443848,50.2592658996582,1
2018-12-22 10:27:54,"537",14,28.6717567443848,50.2592658996582,1
2018-12-22 12:51:08,"537",14,28.6255531311035,50.2802734375,1
2018-12-22 12:51:10,"537",14,28.6255531311035,50.2802734375,1
2018-12-22 13:18:21,"537",17,28.6710453033447,50.2510795593262,1
2018-12-22 13:20:03,"537",14,28.6752853393555,50.249454498291,1
2018-12-22 13:35:19,"537",14,28.7027854919434,50.2452201843262,1
2018-12-22 13:35:27,"537",14,28.7027854919434,50.2452201843262,1
2018-12-22 14:02:13,"537",14,28.66628074646,50.2571792602539,1
2018-12-22 14:02:24,"537",14,28.66628074646,50.2571792602539,1
2018-12-22 14:02:30,"537",14,28.66628074646,50.2571792602539,1
2018-12-22 14:07:27,"537",14,28.6573753356934,50.2563743591309,1
2018-12-22 14:07:35,"537",17,28.6572570800781,50.2564010620117,1
2018-12-22 19:54:41,"537",17,28.6640663146973,50.2536201477051,1
2018-12-22 20:00:03,"537",14,28.6771125793457,50.2488250732422,1
2018-12-22 20:00:05,"537",14,28.6771125793457,50.2488250732422,1
2018-12-22 20:00:15,"537",14,28.6771125793457,50.2488250732422,1
2018-12-22 20:37:16,"537",14,28.6629505157471,50.2566413879395,1
2018-12-22 21:15:16,"537",14,28.6110153198242,50.2829093933105,1
2018-12-22 10:10:50,"1268",14,28.6623039245605,50.2564392089844,1
2018-12-22 10:48:25,"1268",14,28.6150665283203,50.2822189331055,1
2018-12-22 10:48:30,"1268",14,28.6150665283203,50.2822189331055,1
2018-12-22 10:52:37,"1268",17,28.63157081604,50.2791900634766,1
2018-12-22 10:53:19,"1268",14,28.6358470916748,50.2784538269043,1
2018-12-22 10:54:53,"1268",14,28.6395416259766,50.2777900695801,1
2018-12-22 14:15:55,"1268",17,28.6336097717285,50.2788124084473,1
2018-12-22 14:16:18,"1268",14,28.6356372833252,50.2784805297852,1
2018-12-22 14:23:47,"1268",17,28.6488304138184,50.2652702331543,1
2018-12-22 14:23:52,"1268",17,28.6488304138184,50.2652702331543,1
2018-12-22 14:24:02,"1268",17,28.6488304138184,50.2652702331543,1
2018-12-22 14:40:34,"1268",17,28.6832714080811,50.2455978393555,1
2018-12-22 14:45:49,"1268",14,28.6954803466797,50.2381362915039,1
2018-12-22 14:46:08,"1268",14,28.6965713500977,50.237678527832,1
2018-12-22 14:52:01,"1268",14,28.7031307220459,50.2476692199707,1
2018-12-22 14:56:04,"1268",17,28.7031631469727,50.2567367553711,1
2018-12-22 15:07:57,"1268",14,28.6843757629395,50.2647590637207,1
2018-12-22 15:08:00,"1268",14,28.6843757629395,50.2647590637207,1
2018-12-22 15:08:09,"1268",14,28.6843757629395,50.2647590637207,1
2018-12-22 15:08:11,"1268",14,28.6843757629395,50.2647590637207,1
2018-12-22 15:08:20,"1268",14,28.6837425231934,50.264461517334,1
2018-12-22 15:08:32,"1268",14,28.6837425231934,50.264461517334,1
2018-12-22 15:08:33,"1268",14,28.6837425231934,50.264461517334,1
2018-12-22 15:17:21,"1268",14,28.6616458892822,50.2562561035156,1
2018-12-22 11:28:25,"086",14,28.6369686126709,50.2782821655273,1
2018-12-22 11:29:29,"086",14,28.6401271820068,50.2777404785156,1
2018-12-22 11:52:03,"086",14,28.6747207641602,50.249626159668,1
2018-12-22 11:52:05,"086",14,28.6747207641602,50.249626159668,1
2018-12-22 12:01:42,"086",14,28.7018146514893,50.2379570007324,1
2018-12-22 12:17:08,"086",14,28.6888751983643,50.2665214538574,1
2018-12-22 12:17:10,"086",14,28.6888751983643,50.2665214538574,1
2018-12-22 12:17:29,"086",14,28.6880874633789,50.2661895751953,1
2018-12-22 12:25:25,"086",17,28.6745700836182,50.2604026794434,1
2018-12-22 12:32:14,"086",14,28.6605072021484,50.2563209533691,1
2018-12-22 16:49:00,"086",14,28.6692905426025,50.2517929077148,1
2018-12-22 16:49:06,"086",17,28.6692905426025,50.2517929077148,1
2018-12-22 16:49:56,"086",14,28.6702651977539,50.2512550354004,1
2018-12-22 16:57:36,"086",17,28.6878108978271,50.2431411743164,1
2018-12-22 16:57:41,"086",17,28.6878108978271,50.2431411743164,1
2018-12-22 17:05:15,"086",14,28.7026252746582,50.2448043823242,1
2018-12-22 17:08:45,"086",14,28.7031993865967,50.2528915405273,1
2018-12-22 17:12:40,"086",14,28.703010559082,50.260139465332,1
2018-12-22 17:13:57,"086",14,28.7011566162109,50.265193939209,1
2018-12-22 17:26:13,"086",14,28.6746025085449,50.2604942321777,1
2018-12-22 17:30:48,"086",14,28.6634883880615,50.2567405700684,1
2018-12-22 18:07:09,"086",14,28.6068115234375,50.2837181091309,1
2018-12-22 07:38:59,"107",14,28.6613254547119,50.2543258666992,1
2018-12-22 07:40:54,"107",17,28.6661338806152,50.2535209655762,1
2018-12-22 08:02:26,"107",17,28.7031402587891,50.2590980529785,1
2018-12-22 08:02:40,"107",14,28.7031402587891,50.2590980529785,1
2018-12-22 08:31:20,"107",14,28.6482563018799,50.2709312438965,1
2018-12-22 09:01:19,"107",14,28.6177005767822,50.2817077636719,1
2018-12-22 09:06:09,"107",17,28.6379013061523,50.2780418395996,1
2018-12-22 09:08:14,"107",14,28.6442470550537,50.2768363952637,1
2018-12-22 10:28:38,"086",14,28.7002258300781,50.2659606933594,1
2018-12-22 10:34:50,"086",14,28.6909885406494,50.2674827575684,1
2018-12-22 10:35:09,"086",14,28.6909885406494,50.2674827575684,1
2018-12-22 10:35:11,"086",14,28.6909885406494,50.2674827575684,1
2018-12-22 10:35:13,"086",14,28.6902942657471,50.2671890258789,1
2018-12-22 10:37:51,"086",14,28.682991027832,50.2640686035156,1
2018-12-22 10:39:58,"086",14,28.6795082092285,50.2625617980957,1
2018-12-22 10:40:05,"086",14,28.6795082092285,50.2625617980957,1
2018-12-22 10:41:50,"086",14,28.6739158630371,50.2601280212402,1
2018-12-22 10:41:56,"086",14,28.6739158630371,50.2601280212402,1
2018-12-22 10:42:34,"086",14,28.6726493835449,50.2596206665039,1
2018-12-22 10:42:58,"086",14,28.6712684631348,50.2590103149414,1
2018-12-22 10:46:22,"086",14,28.6644706726074,50.256893157959,1
2018-12-22 10:46:28,"086",14,28.6644706726074,50.256893157959,1
2018-12-22 10:51:15,"086",17,28.6579704284668,50.256519317627,1
2018-12-22 11:24:33,"086",14,28.6210708618164,50.281135559082,1
2018-12-22 11:24:40,"086",14,28.6210708618164,50.281135559082,1
2018-12-22 13:35:02,"086",14,28.6699085235596,50.2516746520996,1
2018-12-22 13:37:17,"086",14,28.6758804321289,50.2492904663086,1
2018-12-22 13:39:09,"086",17,28.6817626953125,50.2465591430664,1
2018-12-22 13:39:11,"086",14,28.6817626953125,50.2465591430664,1
2018-12-22 13:52:11,"086",14,28.7032356262207,50.2522048950195,1
2018-12-22 13:56:08,"086",14,28.7030353546143,50.2604217529297,1
2018-12-22 14:03:26,"086",14,28.6878147125244,50.2661170959473,1
2018-12-22 14:03:28,"086",14,28.6878147125244,50.2661170959473,1
2018-12-22 14:11:34,"086",32,28.6723213195801,50.2594757080078,1
2018-12-22 20:02:25,"086",14,28.6528949737549,50.2611541748047,1
2018-12-22 20:43:58,"086",14,28.6850147247314,50.2649230957031,1
2018-12-22 20:44:05,"086",14,28.6850147247314,50.2649230957031,1
2018-12-22 20:44:20,"086",14,28.6835594177246,50.264331817627,1
2018-12-22 20:52:11,"086",14,28.6601238250732,50.256721496582,1
2018-12-22 20:52:12,"086",14,28.6601238250732,50.256721496582,1
2018-12-22 21:01:37,"086",14,28.6460819244385,50.2668762207031,0
2018-12-22 21:19:31,"086",14,28.6487846374512,50.2653465270996,1
2018-12-22 21:19:32,"086",14,28.6487846374512,50.2653465270996,1
2018-12-22 21:32:36,"086",14,28.677640914917,50.2486305236816,1
2018-12-22 14:35:04,"537",14,28.6454849243164,50.2764854431152,1
2018-12-22 14:35:13,"537",14,28.6454849243164,50.2764854431152,1
2018-12-22 14:55:36,"537",14,28.6756858825684,50.2493591308594,1
2018-12-22 15:10:45,"537",14,28.7033023834229,50.2510871887207,1
2018-12-22 15:10:48,"537",17,28.7033023834229,50.2510871887207,1
2018-12-22 15:10:55,"537",14,28.7033023834229,50.2510871887207,1
2018-12-22 15:21:28,"537",14,28.6958408355713,50.2697601318359,1
2018-12-22 15:47:49,"537",14,28.6494274139404,50.2640686035156,1
2018-12-22 16:17:24,"537",14,28.6356372833252,50.2785224914551,1
2018-12-22 16:17:27,"537",14,28.6356372833252,50.2785224914551,1
2018-12-22 16:27:13,"537",14,28.6522102355957,50.2614135742188,1
2018-12-22 16:31:38,"537",14,28.6597003936768,50.2569465637207,1
2018-12-22 16:32:06,"537",14,28.6599292755127,50.2568283081055,1
2018-12-22 16:36:48,"537",14,28.6662254333496,50.2532958984375,1
2018-12-22 16:38:47,"537",14,28.6725387573242,50.2503204345703,1
2018-12-22 06:54:52,"1268",14,28.6575660705566,50.2564125061035,1
2018-12-22 07:06:55,"1268",14,28.6406879425049,50.2777519226074,1
2018-12-22 07:27:26,"1268",14,28.6123523712158,50.2826385498047,1
2018-12-22 07:27:40,"1268",14,28.6146411895752,50.2822456359863,1
2018-12-22 07:27:53,"1268",14,28.6146411895752,50.2822456359863,1
2018-12-22 12:38:20,"1268",14,28.6479759216309,50.2717056274414,1
2018-12-22 12:38:21,"1268",14,28.6479759216309,50.2717056274414,1
2018-12-22 13:31:08,"1268",14,28.6796779632568,50.2625503540039,1
2018-12-22 13:31:25,"1268",14,28.6796779632568,50.2625503540039,1
2018-12-22 13:40:13,"1268",14,28.6601028442383,50.2570533752441,1
2018-12-22 13:50:48,"1268",14,28.6475696563721,50.2748031616211,1
2018-12-22 13:51:08,"1268",17,28.6475696563721,50.2748031616211,1
2018-12-22 13:51:14,"1268",14,28.6475696563721,50.2748031616211,1
2018-12-22 15:22:34,"093",25,28.6551265716553,50.2890472412109,0
2018-12-22 15:22:34,"093",27,28.6551265716553,50.2890472412109,0
2018-12-22 15:51:48,"093",14,28.6575832366943,50.2690162658691,0
2018-12-22 15:51:49,"093",14,28.6575832366943,50.2690162658691,0
2018-12-22 12:39:48,"086",14,28.6497192382812,50.2636070251465,1
2018-12-22 12:52:02,"086",14,28.6303653717041,50.2795639038086,1
2018-12-22 13:05:41,"086",17,28.6073303222656,50.2836112976074,1
2018-12-22 13:05:43,"086",14,28.6073303222656,50.2836112976074,1
2018-12-22 13:09:35,"086",14,28.6193256378174,50.2814674377441,1
2018-12-22 13:14:13,"086",14,28.6391258239746,50.2779655456543,1
2018-12-22 13:14:30,"086",14,28.6407260894775,50.2776412963867,1
2018-12-22 13:16:37,"086",14,28.6478080749512,50.2732200622559,1
2018-12-22 13:20:18,"086",14,28.6488056182861,50.2660293579102,1
2018-12-22 13:23:41,"086",14,28.6545391082764,50.259765625,1
2018-12-22 18:15:51,"086",14,28.6415843963623,50.2774887084961,1
2018-12-22 18:21:43,"086",14,28.6493186950684,50.2642517089844,1
2018-12-22 18:27:53,"086",14,28.6608180999756,50.2553443908691,1
2018-12-22 18:47:11,"086",14,28.7028179168701,50.2456207275391,1
2018-12-22 19:00:15,"086",14,28.6911315917969,50.267505645752,1
2018-12-22 19:00:38,"086",14,28.6906127929688,50.267261505127,1
2018-12-22 19:08:10,"086",14,28.667552947998,50.2574424743652,1
2018-12-22 19:13:50,"086",14,28.6572303771973,50.2564125061035,1
2018-12-22 19:13:52,"086",14,28.6570892333984,50.2566223144531,1
2018-12-22 19:50:30,"086",14,28.6208515167236,50.2811012268066,1
2018-12-22 16:26:24,"093",14,28.6954593658447,50.2699127197266,1
2018-12-22 16:29:38,"093",14,28.6914463043213,50.2676887512207,1
2018-12-22 16:45:26,"093",14,28.6611614227295,50.2607612609863,0
2018-12-22 16:45:28,"093",14,28.6611614227295,50.2607612609863,0
2018-12-22 18:08:13,"093",14,28.656099319458,50.281307220459,0
2018-12-22 18:08:58,"093",17,28.6555671691895,50.2839126586914,0
2018-12-22 18:23:48,"093",17,28.6566505432129,50.2933959960938,0
2018-12-22 18:24:24,"093",14,28.6570453643799,50.2947387695312,0
2018-12-22 18:29:44,"093",14,28.6553707122803,50.2846488952637,0
2018-12-22 08:34:21,"2288",14,28.6476821899414,50.2738876342773,1
2018-12-22 08:34:41,"2288",14,28.6477680206299,50.2731895446777,1
2018-12-22 08:34:41,"2288",32,28.6477680206299,50.2731895446777,1
2018-12-22 08:35:24,"2288",14,28.6481075286865,50.270679473877,1
2018-12-22 08:36:17,"2288",14,28.6482696533203,50.2692909240723,1
2018-12-22 08:36:19,"2288",14,28.6482696533203,50.2692909240723,1
2018-12-22 08:36:37,"2288",14,28.6484508514404,50.2682914733887,1
2018-12-22 08:43:19,"2288",14,28.6561450958252,50.2576942443848,1
2018-12-22 09:00:40,"2288",14,28.6901721954346,50.2416801452637,1
2018-12-22 08:20:20,"1050",14,28.6487007141113,50.2654876708984,1
2018-12-22 08:23:23,"1050",14,28.6536693572998,50.2607803344727,1
2018-12-22 08:28:59,"1050",14,28.6609401702881,50.2552719116211,1
2018-12-22 08:41:18,"1050",14,28.691743850708,50.240535736084,1
2018-12-22 08:41:26,"1050",14,28.691743850708,50.240535736084,1
2018-12-22 08:41:39,"1050",17,28.6926307678223,50.2398948669434,1
2018-12-22 09:06:14,"1050",14,28.6807098388672,50.2630462646484,1
2018-12-22 09:11:20,"1050",14,28.6679458618164,50.2575569152832,1
2018-12-22 09:11:26,"1050",14,28.6679458618164,50.2575569152832,1
2018-12-22 09:11:50,"1050",14,28.6669883728027,50.2572746276855,1
2018-12-22 09:13:37,"1050",14,28.6610908508301,50.2560195922852,1
2018-12-22 09:33:57,"1050",14,28.616491317749,50.2820739746094,1
2018-12-22 09:49:08,"1050",14,28.6162891387939,50.2819709777832,1
2018-12-22 09:49:36,"1050",14,28.6179218292236,50.2816467285156,1
2018-12-22 09:49:47,"1050",14,28.6179218292236,50.2816467285156,1
2018-12-22 09:58:44,"1050",14,28.6477756500244,50.2730407714844,1
2018-12-22 10:00:08,"1050",14,28.6483497619629,50.268928527832,1
2018-12-22 10:03:54,"1050",14,28.6502456665039,50.2622947692871,1
2018-12-22 18:42:28,"1050",14,28.6707000732422,50.2510948181152,1
2018-12-22 18:42:34,"1050",14,28.6707000732422,50.2510948181152,1
2018-12-22 18:42:39,"1050",14,28.6707000732422,50.2510948181152,1
2018-12-22 18:42:40,"1050",14,28.6707000732422,50.2510948181152,1
2018-12-22 18:48:12,"1050",14,28.6836757659912,50.2454452514648,1
2018-12-22 06:41:42,"2288",14,28.6070556640625,50.2836036682129,1
2018-12-22 07:21:11,"2288",14,28.7024955749512,50.2430419921875,1
2018-12-22 07:35:02,"2288",14,28.6952114105225,50.2698211669922,1
2018-12-22 07:41:59,"2288",14,28.6779594421387,50.2618446350098,1
2018-12-22 07:42:14,"2288",14,28.6766147613525,50.2612419128418,1
2018-12-22 07:46:50,"2288",14,28.6670207977295,50.2572937011719,1
2018-12-22 07:47:07,"2288",14,28.6654415130615,50.2569770812988,1
2018-12-22 08:04:38,"2288",17,28.6404552459717,50.2775955200195,1
2018-12-22 08:04:48,"2288",14,28.6404552459717,50.2775955200195,1
2018-12-22 08:04:55,"2288",14,28.6404552459717,50.2775955200195,1
2018-12-22 08:10:08,"2288",17,28.6169338226318,50.2817916870117,1
2018-12-22 08:22:59,"2288",14,28.6059951782227,50.283805847168,1
2018-12-22 08:32:39,"2288",14,28.6422996520996,50.2773017883301,1
2018-12-22 08:32:53,"2288",14,28.6422996520996,50.2773017883301,1
2018-12-22 08:32:54,"2288",14,28.6422996520996,50.2773017883301,1
2018-12-22 08:32:56,"2288",14,28.6422996520996,50.2773017883301,1
2018-12-22 08:33:00,"2288",14,28.6422996520996,50.2773017883301,1
2018-12-22 06:24:36,"1050",14,28.6090030670166,50.2832794189453,1
2018-12-22 07:07:44,"1050",14,28.7025184631348,50.2431755065918,1
2018-12-22 07:07:45,"1050",14,28.7025184631348,50.2431755065918,1
2018-12-22 07:49:15,"1050",14,28.6359615325928,50.2786026000977,1
2018-12-22 07:54:26,"1050",14,28.6144638061523,50.2824668884277,1
2018-12-22 08:03:36,"1050",14,28.6028957366943,50.2843856811523,1
2018-12-22 08:04:25,"1050",14,28.6068859100342,50.2836532592773,1
2018-12-22 08:06:05,"1050",14,28.6107597351074,50.2829666137695,1
2018-12-22 08:09:38,"1050",14,28.6250076293945,50.2803802490234,1
2018-12-22 08:09:41,"1050",14,28.6250076293945,50.2803802490234,1
2018-12-22 08:13:13,"1050",14,28.6378326416016,50.2781257629395,1
2018-12-22 08:16:21,"1050",14,28.6477355957031,50.2730331420898,1
2018-12-22 08:17:49,"1050",14,28.6482982635498,50.2691650390625,1
2018-12-22 10:05:01,"1050",14,28.6533851623535,50.2609405517578,1
2018-12-22 10:09:14,"1050",14,28.6604251861572,50.2562713623047,1
2018-12-22 10:17:06,"1050",17,28.6753902435303,50.2494430541992,1
2018-12-22 14:18:07,"1050",14,28.6711883544922,50.2585220336914,1
2018-12-22 14:25:10,"1050",14,28.6579055786133,50.256404876709,1
2018-12-22 06:58:49,"1270",14,28.6042156219482,50.2841415405273,1
2018-12-22 06:58:52,"1270",14,28.6042156219482,50.2841415405273,1
2018-12-22 06:59:05,"1270",14,28.6042156219482,50.2841415405273,1
2018-12-22 07:06:34,"1270",14,28.6357154846191,50.2784996032715,1
2018-12-22 07:32:37,"1270",14,28.6873683929443,50.2434844970703,1
2018-12-22 07:32:56,"1270",14,28.6873683929443,50.2434844970703,1
2018-12-22 07:42:24,"1270",14,28.703296661377,50.2501449584961,1
2018-12-22 07:51:15,"1270",14,28.6958103179932,50.2698745727539,1
2018-12-22 08:05:42,"1270",16,28.6619129180908,50.256275177002,1
2018-12-22 08:23:43,"1270",14,28.6346683502197,50.2788352966309,1
2018-12-22 08:23:49,"1270",14,28.6346683502197,50.2788352966309,1
2018-12-22 08:49:53,"1270",14,28.6421985626221,50.2773361206055,1
2018-12-22 09:33:31,"1280",14,28.7033805847168,50.2497482299805,1
2018-12-22 09:54:45,"1280",14,28.6660213470459,50.2571258544922,1
2018-12-22 09:59:16,"1280",14,28.6561450958252,50.2577781677246,1
2018-12-22 10:01:06,"1280",14,28.6537685394287,50.2608299255371,1
2018-12-22 10:01:08,"1280",14,28.6537685394287,50.2608299255371,1
2018-12-22 10:13:51,"1280",14,28.6331024169922,50.2790946960449,1
2018-12-22 10:13:52,"1280",14,28.6331024169922,50.2790946960449,1
2018-12-22 10:13:56,"1280",17,28.6331024169922,50.2790946960449,1
2018-12-22 10:14:01,"1280",14,28.6331024169922,50.2790946960449,1
2018-12-22 10:32:22,"1280",14,28.615930557251,50.2820434570312,1
2018-12-22 10:33:27,"1280",14,28.6203784942627,50.2811889648438,1
2018-12-22 10:33:30,"1280",14,28.6203784942627,50.2811889648438,1
2018-12-22 10:43:17,"1280",17,28.6488342285156,50.2662887573242,1
2018-12-22 10:43:37,"1280",14,28.6488342285156,50.2662887573242,1
2018-12-22 10:43:38,"1280",14,28.6488342285156,50.2662887573242,1
2018-12-22 11:03:39,"1280",14,28.6861209869385,50.2441520690918,1
2018-12-22 13:55:33,"1280",14,28.6229705810547,50.2806777954102,1
2018-12-22 14:15:54,"1280",14,28.6611938476562,50.2546920776367,1
2018-12-22 14:19:49,"1280",14,28.6707191467285,50.2511215209961,1
2018-12-22 14:20:20,"1280",14,28.6725883483887,50.2503318786621,1
2018-12-22 14:20:38,"1280",14,28.6725883483887,50.2503318786621,1
2018-12-22 14:36:33,"1280",14,28.7034301757812,50.249454498291,1
2018-12-22 14:54:07,"1280",14,28.6824588775635,50.2638893127441,1
2018-12-22 10:38:30,"078",14,28.6869468688965,50.2657318115234,1
2018-12-22 11:01:38,"078",14,28.6873168945312,50.2434768676758,1
2018-12-22 11:11:22,"078",14,28.7033882141113,50.2495918273926,1
2018-12-22 11:11:26,"078",14,28.7033882141113,50.2495918273926,1
2018-12-22 11:24:15,"078",14,28.6879196166992,50.266227722168,1
2018-12-22 11:25:56,"078",14,28.6840553283691,50.2645797729492,1
2018-12-22 11:25:57,"078",14,28.6840553283691,50.2645797729492,1
2018-12-22 12:37:34,"078",14,28.6704998016357,50.2512702941895,1
2018-12-22 07:06:10,"1280",14,28.594913482666,50.2858390808105,1
2018-12-22 07:17:08,"1280",14,28.6407871246338,50.2775535583496,1
2018-12-22 07:29:40,"1280",14,28.6596794128418,50.2570152282715,1
2018-12-22 07:48:26,"1280",14,28.7021102905273,50.240161895752,1
2018-12-22 08:02:00,"1280",14,28.694465637207,50.2692756652832,1
2018-12-22 08:07:25,"1280",14,28.6800003051758,50.2628517150879,1
2018-12-22 08:07:34,"1280",14,28.6800003051758,50.2628517150879,1
2018-12-22 08:08:06,"1280",14,28.6779842376709,50.2619705200195,1
2018-12-22 08:09:39,"1280",14,28.6741638183594,50.2603340148926,1
2018-12-22 08:11:37,"1280",14,28.670295715332,50.2585945129395,1
2018-12-22 08:50:22,"1280",14,28.6194705963135,50.2813606262207,1
2018-12-22 08:50:29,"1280",14,28.6194705963135,50.2813606262207,1
2018-12-22 08:57:21,"1280",14,28.6449737548828,50.2766876220703,1
2018-12-22 11:03:40,"1280",14,28.6861209869385,50.2441520690918,1
2018-12-22 11:55:13,"1280",14,28.631160736084,50.2794342041016,1
2018-12-22 11:55:24,"1280",14,28.631160736084,50.2794342041016,1
2018-12-22 12:07:37,"1280",14,28.5943565368652,50.2857666015625,1
2018-12-22 12:07:38,"1280",14,28.5943565368652,50.2857666015625,1
2018-12-22 12:10:36,"1280",14,28.6063003540039,50.2837181091309,1
2018-12-22 12:10:37,"1280",14,28.6063003540039,50.2837181091309,1
2018-12-22 12:17:52,"1280",14,28.6377429962158,50.2780876159668,1
2018-12-22 12:43:53,"1280",17,28.6815376281738,50.2465553283691,1
2018-12-22 17:44:14,"1280",14,28.6681251525879,50.2525749206543,1
2018-12-22 17:44:38,"1280",17,28.6681251525879,50.2525749206543,1
2018-12-22 17:44:38,"1280",14,28.6681251525879,50.2525749206543,1
2018-12-22 17:48:24,"1280",14,28.6774921417236,50.2486801147461,1
2018-12-22 18:18:46,"1280",14,28.6761741638184,50.2611846923828,1
2018-12-22 18:39:52,"1280",14,28.6328945159912,50.2791061401367,1
2018-12-22 19:14:36,"1280",14,28.6607856750488,50.2554664611816,1
2018-12-22 19:27:21,"1280",14,28.6901302337646,50.2416191101074,1
2018-12-22 19:52:01,"1280",14,28.6833305358887,50.2642822265625,1
2018-12-22 19:52:03,"1280",14,28.6833305358887,50.2642822265625,1
2018-12-22 20:01:24,"1280",14,28.6608352661133,50.2559432983398,1
2018-12-22 20:01:25,"1280",14,28.6608352661133,50.2559432983398,1
2018-12-22 20:13:38,"1280",14,28.6486320495605,50.2656135559082,1
2018-12-22 11:31:42,"078",14,28.6723327636719,50.2594833374023,1
2018-12-22 11:34:40,"078",17,28.6643505096436,50.2567024230957,1
2018-12-22 11:35:02,"078",14,28.6643505096436,50.2567024230957,1
2018-12-22 11:53:46,"078",14,28.6341361999512,50.2788887023926,1
2018-12-22 12:16:10,"078",14,28.6410083770752,50.2774543762207,1
2018-12-22 12:16:13,"078",14,28.6410083770752,50.2774543762207,1
2018-12-22 12:16:25,"078",14,28.6410083770752,50.2774543762207,1
2018-12-22 12:16:39,"078",17,28.64111328125,50.2774353027344,1
2018-12-22 12:17:27,"078",14,28.6427955627441,50.2771224975586,1
2018-12-22 12:17:29,"078",14,28.6427955627441,50.2771224975586,1
2018-12-22 12:22:10,"078",14,28.6487197875977,50.2664260864258,1
2018-12-22 12:22:12,"078",17,28.6487197875977,50.2664260864258,1
2018-12-22 12:30:14,"078",14,28.6598358154297,50.256950378418,1
2018-12-22 10:20:00,"2290",14,28.6740207672119,50.2601280212402,1
2018-12-22 10:20:35,"2290",14,28.6720809936523,50.2593765258789,1
2018-12-22 10:26:00,"2290",17,28.6610355377197,50.2552146911621,1
2018-12-22 10:46:11,"2290",14,28.7034149169922,50.250114440918,1
2018-12-22 11:05:40,"2290",17,28.6697254180908,50.258373260498,1
2018-12-22 11:56:29,"2290",17,28.6498317718506,50.2634620666504,1
2018-12-22 11:56:43,"2290",14,28.6498317718506,50.2634620666504,1
2018-12-22 12:13:45,"2290",14,28.6819858551025,50.2464141845703,1
2018-12-22 15:06:48,"2290",14,28.6378059387207,50.2780990600586,1
2018-12-22 15:23:42,"2290",17,28.6661357879639,50.2534713745117,1
2018-12-22 15:23:50,"2290",14,28.6661357879639,50.2534713745117,1
2018-12-22 15:41:21,"2290",14,28.7033653259277,50.250129699707,1
2018-12-22 15:41:22,"2290",17,28.7033653259277,50.250129699707,1
2018-12-22 16:09:41,"2290",14,28.660831451416,50.2560043334961,1
2018-12-22 16:27:41,"2290",14,28.6201114654541,50.2814292907715,1
2018-12-22 07:17:28,"107",14,28.6070594787598,50.2836265563965,1
2018-12-22 07:18:09,"107",14,28.6092853546143,50.2832260131836,1
2018-12-22 07:22:03,"107",14,28.6295394897461,50.2795867919922,1
2018-12-22 12:43:22,"2290",14,28.6739921569824,50.2600746154785,1
2018-12-22 13:04:35,"2290",14,28.6388969421387,50.278076171875,1
2018-12-22 13:04:42,"2290",17,28.6388969421387,50.278076171875,1
2018-12-22 13:06:45,"2290",17,28.6360263824463,50.2785568237305,1
2018-12-22 13:06:57,"2290",17,28.6360263824463,50.2785568237305,1
2018-12-22 13:20:42,"2290",17,28.610668182373,50.282958984375,1
2018-12-22 13:20:50,"2290",14,28.610668182373,50.282958984375,1
2018-12-22 13:24:24,"2290",14,28.6277751922607,50.2798652648926,1
2018-12-22 13:50:28,"2290",14,28.6787586212158,50.2481422424316,1
2018-12-22 14:04:46,"2290",17,28.7032527923584,50.254566192627,1
2018-12-22 14:46:06,"2290",14,28.6304111480713,50.2795906066895,1
2018-12-22 14:59:09,"2290",14,28.6085777282715,50.2833366394043,1
2018-12-22 14:59:11,"2290",14,28.6085777282715,50.2833366394043,1
2018-12-22 09:34:28,"107",14,28.6955814361572,50.2381172180176,1
2018-12-22 07:16:14,"537",17,28.6486568450928,50.2681846618652,1
2018-12-22 07:40:11,"537",14,28.6062602996826,50.283763885498,1
2018-12-22 07:49:29,"537",14,28.6425895690918,50.2772216796875,1
2018-12-22 07:49:39,"537",14,28.6425895690918,50.2772216796875,1
2018-12-22 11:32:22,"537",14,28.672384262085,50.2504043579102,1
2018-12-22 11:34:30,"537",14,28.6774139404297,50.2485618591309,1
2018-12-22 11:34:46,"537",14,28.6774139404297,50.2485618591309,1
2018-12-22 11:40:26,"537",17,28.6886730194092,50.2426261901855,1
2018-12-22 12:08:34,"537",14,28.6794166564941,50.262523651123,1
2018-12-22 12:14:52,"537",14,28.6653575897217,50.2569007873535,1
2018-12-22 12:15:04,"537",14,28.6653575897217,50.2569007873535,1
2018-12-22 12:27:46,"537",14,28.648380279541,50.2701110839844,1
2018-12-22 16:57:24,"537",14,28.7031021118164,50.2573738098145,1
2018-12-22 16:57:26,"537",17,28.7031021118164,50.2573738098145,1
2018-12-22 16:57:31,"537",17,28.7031021118164,50.2573738098145,1
2018-12-22 17:07:32,"537",14,28.6877346038818,50.2660827636719,1
2018-12-22 17:20:33,"537",14,28.6573905944824,50.2563667297363,1
2018-12-22 17:20:54,"537",14,28.6573905944824,50.2563667297363,1
2018-12-22 17:49:53,"537",17,28.6175518035889,50.2817459106445,1
2018-12-22 18:31:51,"537",14,28.7033386230469,50.2486534118652,1
2018-12-22 18:50:17,"537",14,28.6813316345215,50.2632865905762,1
2018-12-22 18:50:47,"537",32,28.6793327331543,50.2624244689941,1
2018-12-22 18:53:54,"537",14,28.6695919036865,50.2582588195801,1
2018-12-22 18:54:02,"537",14,28.6695919036865,50.2582588195801,1
2018-12-22 18:54:16,"537",17,28.6695919036865,50.2582588195801,1
2018-12-22 07:46:52,"1268",17,28.6597499847412,50.2571792602539,1
2018-12-22 08:20:43,"1268",14,28.691499710083,50.2677230834961,1
2018-12-22 08:20:48,"1268",17,28.691499710083,50.2677230834961,1
2018-12-22 08:34:48,"1268",14,28.6579093933105,50.2565269470215,1
2018-12-22 08:34:55,"1268",14,28.6579093933105,50.2565269470215,1
2018-12-22 09:04:59,"1268",14,28.6047306060791,50.2840385437012,1
2018-12-22 09:05:56,"1268",14,28.6077537536621,50.2834625244141,1
2018-12-22 09:05:57,"1268",14,28.6077537536621,50.2834625244141,1
2018-12-22 09:13:56,"1268",14,28.6400108337402,50.2776718139648,1
2018-12-22 09:14:04,"1268",14,28.6400108337402,50.2776718139648,1
2018-12-22 09:29:14,"1268",14,28.6639747619629,50.2536354064941,1
2018-12-22 11:12:21,"1268",17,28.6641273498535,50.253490447998,1
2018-12-22 11:16:13,"1268",14,28.6760673522949,50.2492599487305,1
2018-12-22 11:32:02,"1268",14,28.7033958435059,50.2490615844727,1
2018-12-22 11:59:17,"1268",14,28.6571750640869,50.2565956115723,1
2018-12-22 12:02:45,"1268",14,28.6505451202393,50.2621803283691,1
2018-12-22 12:02:47,"1268",14,28.6505451202393,50.2621803283691,1
2018-12-22 12:15:00,"1268",17,28.6311893463135,50.2795639038086,1
2018-12-22 12:28:26,"1268",14,28.6143035888672,50.2822952270508,1
2018-12-22 12:37:12,"1268",14,28.6467571258545,50.2755584716797,1
2018-12-22 15:33:41,"1268",14,28.6334800720215,50.2789840698242,1
2018-12-22 15:53:05,"1268",14,28.6230068206787,50.2807540893555,1
2018-12-22 15:56:56,"1268",14,28.6389980316162,50.2778778076172,1
2018-12-22 15:56:58,"1268",14,28.6389980316162,50.2778778076172,1
2018-12-22 15:58:46,"1268",14,28.6444911956787,50.2768096923828,1
2018-12-22 16:12:51,"1268",14,28.6615238189697,50.2539024353027,1
2018-12-22 16:12:52,"1268",14,28.6615238189697,50.2539024353027,1
2018-12-22 16:14:25,"1268",14,28.6663227081299,50.2533912658691,1
2018-12-22 16:14:42,"1268",14,28.6681461334229,50.2525062561035,1
2018-12-22 16:14:48,"1268",14,28.6681461334229,50.2525062561035,1
2018-12-22 16:14:58,"1268",14,28.6681461334229,50.2525062561035,1
2018-12-22 16:31:45,"1268",14,28.7023944854736,50.2426986694336,1
2018-12-22 08:34:25,"537",14,28.6954898834229,50.2699089050293,1
2018-12-22 08:49:09,"537",14,28.6631774902344,50.2565727233887,1
2018-12-22 08:49:35,"537",14,28.6609935760498,50.255989074707,1
2018-12-22 09:34:11,"537",14,28.6476631164551,50.2736892700195,1
2018-12-22 09:34:16,"537",14,28.6476631164551,50.2736892700195,1
2018-12-22 09:34:23,"537",14,28.6476631164551,50.2736892700195,1
2018-12-22 10:00:09,"537",14,28.6886768341064,50.2426567077637,1
2018-12-22 10:00:14,"537",14,28.6886768341064,50.2426567077637,1
2018-12-22 10:04:49,"537",14,28.7021884918213,50.2410011291504,1
2018-12-22 10:05:01,"537",14,28.7021884918213,50.2410011291504,1
2018-12-22 10:20:18,"537",14,28.6876983642578,50.2660942077637,1
2018-12-22 12:50:57,"537",14,28.6232967376709,50.280689239502,1
2018-12-22 13:01:54,"537",14,28.6489028930664,50.2652130126953,1
2018-12-22 13:28:09,"537",14,28.6901054382324,50.2417411804199,1
2018-12-22 13:44:48,"537",14,28.703031539917,50.2615509033203,1
2018-12-22 13:44:50,"537",14,28.703031539917,50.2615509033203,1
2018-12-22 14:14:30,"537",14,28.648567199707,50.2684440612793,1
2018-12-22 14:14:46,"537",14,28.648567199707,50.2684440612793,1
2018-12-22 14:14:48,"537",14,28.648567199707,50.2684440612793,1
2018-12-22 14:34:31,"537",14,28.643367767334,50.2770919799805,1
2018-12-22 14:34:38,"537",14,28.643367767334,50.2770919799805,1
2018-12-22 14:34:44,"537",14,28.643367767334,50.2770919799805,1
2018-12-22 19:34:06,"537",17,28.618724822998,50.2815322875977,1
2018-12-22 19:34:23,"537",14,28.618724822998,50.2815322875977,1
2018-12-22 19:40:44,"537",14,28.6457939147949,50.2763595581055,1
2018-12-22 19:40:46,"537",14,28.6457939147949,50.2763595581055,1
2018-12-22 19:50:38,"537",17,28.6574878692627,50.2563209533691,1
2018-12-22 19:55:40,"537",14,28.6664276123047,50.2534332275391,1
2018-12-22 19:55:53,"537",14,28.6664276123047,50.2534332275391,1
2018-12-22 19:56:16,"537",14,28.6671733856201,50.2530670166016,1
2018-12-22 20:30:06,"537",14,28.6814479827881,50.2632865905762,1
2018-12-22 21:43:56,"537",14,28.6748199462891,50.2495613098145,1
2018-12-22 21:43:57,"537",14,28.6748199462891,50.2495613098145,1
2018-12-22 21:44:16,"537",14,28.6748199462891,50.2495613098145,1
2018-12-22 09:45:35,"1268",14,28.7025985717773,50.2439422607422,1
2018-12-22 09:48:03,"1268",14,28.7033405303955,50.2507286071777,1
2018-12-22 10:00:19,"1268",14,28.6875171661377,50.2659606933594,1
2018-12-22 10:06:27,"1268",14,28.6702632904053,50.2585983276367,1
2018-12-22 10:24:57,"1268",14,28.6467418670654,50.2758255004883,1
2018-12-22 10:34:56,"1268",24,28.611026763916,50.2830543518066,1
2018-12-22 10:34:56,"1268",28,28.611026763916,50.2830543518066,1
2018-12-22 10:50:57,"1268",14,28.624490737915,50.2805061340332,1
2018-12-22 10:50:59,"1268",14,28.624490737915,50.2805061340332,1
2018-12-22 10:51:05,"1268",14,28.624490737915,50.2805061340332,1
2018-12-22 10:51:29,"1268",14,28.6289005279541,50.2797088623047,1
2018-12-22 10:51:34,"1268",14,28.6289005279541,50.2797088623047,1
2018-12-22 11:12:05,"1268",14,28.6641273498535,50.253490447998,1
2018-12-22 11:12:09,"1268",17,28.6641273498535,50.253490447998,1
2018-12-22 14:32:24,"1268",14,28.6612606048584,50.2544937133789,1
2018-12-22 14:34:38,"1268",17,28.6668243408203,50.253288269043,1
2018-12-22 14:40:51,"1268",14,28.684154510498,50.2451210021973,1
2018-12-22 15:10:22,"1268",17,28.6796455383301,50.2626419067383,1
2018-12-22 15:10:35,"1268",14,28.6796455383301,50.2626419067383,1
2018-12-22 11:30:10,"086",14,28.6418647766113,50.2774658203125,1
2018-12-22 11:30:11,"086",14,28.6418647766113,50.2774658203125,1
2018-12-22 11:30:23,"086",14,28.6418647766113,50.2774658203125,1
2018-12-22 11:30:46,"086",14,28.6436805725098,50.277099609375,1
2018-12-22 11:33:51,"086",14,28.6485004425049,50.2685241699219,1
2018-12-22 11:36:48,"086",14,28.6499309539795,50.2632942199707,1
2018-12-22 11:43:40,"086",14,28.6607666015625,50.2556648254395,1
2018-12-22 11:50:18,"086",32,28.6701641082764,50.2514228820801,1
2018-12-22 11:51:15,"086",14,28.6716232299805,50.2506446838379,1
2018-12-22 11:51:47,"086",14,28.6739902496338,50.2498397827148,1
2018-12-22 11:51:53,"086",14,28.6739902496338,50.2498397827148,1
2018-12-22 11:52:41,"086",14,28.6750812530518,50.2495193481445,1
2018-12-22 11:58:42,"086",14,28.6914234161377,50.2407455444336,1
2018-12-22 12:15:58,"086",17,28.6916751861572,50.2677917480469,1
2018-12-22 12:27:11,"086",14,28.6721534729004,50.2593994140625,1
2018-12-22 12:30:12,"086",14,28.6641502380371,50.2568969726562,1
2018-12-22 12:30:15,"086",17,28.6641502380371,50.2568969726562,1
2018-12-22 12:30:21,"086",14,28.6641502380371,50.2568969726562,1
2018-12-22 12:34:46,"086",14,28.6576251983643,50.2563934326172,1
2018-12-22 12:35:26,"086",14,28.6566963195801,50.257137298584,1
2018-12-22 12:36:51,"086",17,28.6553802490234,50.2588005065918,1
2018-12-22 12:36:53,"086",14,28.6553802490234,50.2588005065918,1
2018-12-22 17:05:05,"086",14,28.7025909423828,50.2443504333496,1
2018-12-22 17:08:21,"086",14,28.7032165527344,50.2519035339355,1
2018-12-22 17:23:54,"086",14,28.6814785003662,50.2635192871094,1
2018-12-22 17:47:32,"086",14,28.636043548584,50.2785415649414,1
2018-12-22 17:48:36,"086",14,28.6328830718994,50.2790946960449,1
2018-12-22 06:34:55,"086",25,28.717945098877,50.2625198364258,0
2018-12-22 06:34:55,"086",27,28.717945098877,50.2625198364258,0
2018-12-22 06:34:55,"086",28,28.717945098877,50.2625198364258,0
2018-12-22 06:34:55,"086",24,28.717945098877,50.2625198364258,0
2018-12-22 10:35:35,"086",14,28.6883735656738,50.2663536071777,1
2018-12-22 10:41:41,"086",14,28.6748161315918,50.2605361938477,1
2018-12-22 10:42:49,"086",14,28.6721496582031,50.2593994140625,1
2018-12-22 10:49:32,"086",14,28.659948348999,50.2569885253906,1
2018-12-22 10:49:34,"086",14,28.659948348999,50.2569885253906,1
2018-12-22 10:52:04,"086",14,28.6573524475098,50.25634765625,1
2018-12-22 10:58:28,"086",14,28.6485366821289,50.2683792114258,1
2018-12-22 13:34:43,"086",14,28.6694183349609,50.2519264221191,1
2018-12-22 13:34:44,"086",14,28.6694183349609,50.2519264221191,1
2018-12-22 13:36:25,"086",17,28.6746520996094,50.2497253417969,1
2018-12-22 13:36:28,"086",14,28.6746520996094,50.2497253417969,1
2018-12-22 13:36:31,"086",17,28.6746520996094,50.2497253417969,1
2018-12-22 14:03:48,"086",17,28.6859474182129,50.2653121948242,1
2018-12-22 16:21:54,"086",14,28.6946659088135,50.2694053649902,1
2018-12-22 16:27:35,"086",14,28.685037612915,50.2649955749512,1
2018-12-22 16:27:36,"086",14,28.685037612915,50.2649955749512,1
2018-12-22 16:28:18,"086",14,28.6833457946777,50.2642097473145,1
2018-12-22 16:28:19,"086",14,28.6833457946777,50.2642097473145,1
2018-12-22 16:45:19,"086",17,28.6605262756348,50.2558135986328,1
2018-12-22 16:47:51,"086",17,28.6660861968994,50.2533416748047,1
2018-12-22 16:48:09,"086",14,28.6660861968994,50.2533416748047,1
2018-12-22 19:51:39,"086",14,28.6277561187744,50.2798385620117,1
2018-12-22 19:54:17,"086",14,28.6374053955078,50.2782287597656,1
2018-12-22 20:26:54,"086",17,28.7028713226318,50.2457046508789,1
2018-12-22 20:36:22,"086",14,28.6972579956055,50.2680473327637,1
2018-12-22 20:36:24,"086",14,28.6972579956055,50.2680473327637,1
2018-12-22 20:40:54,"086",32,28.6925582885742,50.268123626709,1
2018-12-22 20:45:36,"086",14,28.6809501647949,50.2631721496582,1
2018-12-22 20:52:47,"086",17,28.6593265533447,50.2569694519043,1
2018-12-22 21:33:45,"086",17,28.6802139282227,50.2473678588867,1
2018-12-22 21:37:47,"086",14,28.6917686462402,50.2405700683594,1
2018-12-22 07:49:21,"2073",14,28.6965351104736,50.2693328857422,1
2018-12-22 07:49:28,"2073",17,28.6965351104736,50.2693328857422,1
2018-12-22 15:54:25,"093",14,28.6579341888428,50.2731437683105,0
2018-12-22 15:55:36,"093",17,28.6579666137695,50.2736625671387,0
2018-12-22 15:55:38,"093",17,28.6579666137695,50.2736625671387,0
2018-12-22 16:03:51,"093",14,28.6668853759766,50.2726669311523,0
2018-12-22 15:20:27,"1050",14,28.6758861541748,50.2491798400879,1
2018-12-22 15:25:22,"1050",14,28.6862964630127,50.2439193725586,1
2018-12-22 15:31:27,"1050",14,28.7022895812988,50.2409248352051,1
2018-12-22 15:36:44,"1050",14,28.703369140625,50.2520484924316,1
2018-12-22 15:36:46,"1050",14,28.703369140625,50.2520484924316,1
2018-12-22 15:41:08,"1050",14,28.7031192779541,50.2596702575684,1
2018-12-22 15:42:38,"1050",14,28.7019577026367,50.2646446228027,1
2018-12-22 15:49:03,"1050",14,28.6869716644287,50.2657737731934,1
2018-12-22 15:55:36,"1050",14,28.6708583831787,50.2588310241699,1
2018-12-22 16:03:32,"1050",14,28.6561641693115,50.2576026916504,1
2018-12-22 16:17:07,"1050",14,28.6329040527344,50.279167175293,1
2018-12-22 16:19:25,"1050",14,28.6202831268311,50.2813949584961,1
2018-12-22 18:40:33,"1050",14,28.6676425933838,50.2527847290039,1
2018-12-22 08:53:08,"1270",14,28.6484870910645,50.2679557800293,1
2018-12-22 08:53:16,"1270",14,28.6484870910645,50.2679557800293,1
2018-12-22 08:53:24,"1270",14,28.6484870910645,50.2679557800293,1
2018-12-22 08:58:21,"1270",14,28.6548671722412,50.2593612670898,1
2018-12-22 09:06:29,"1270",14,28.6685638427734,50.2523002624512,1
2018-12-22 15:44:25,"1280",14,28.6475257873535,50.2744407653809,1
2018-12-22 15:55:34,"1280",14,28.6598777770996,50.2569541931152,1
2018-12-22 16:00:44,"1280",14,28.6687355041504,50.2521667480469,1
2018-12-22 16:12:54,"1280",14,28.6936626434326,50.2392349243164,1
2018-12-22 16:12:55,"1280",14,28.6936626434326,50.2392349243164,1
2018-12-22 16:13:10,"1280",14,28.6936626434326,50.2392349243164,1
2018-12-22 16:13:24,"1280",14,28.6952724456787,50.2381706237793,1
2018-12-22 16:13:26,"1280",14,28.6952724456787,50.2381706237793,1
2018-12-22 16:23:35,"1280",17,28.7032108306885,50.2549209594727,1
2018-12-22 16:34:57,"1280",14,28.6857109069824,50.2652015686035,1
2018-12-22 16:35:18,"1280",14,28.6857109069824,50.2652015686035,1
2018-12-22 16:38:31,"1280",14,28.6803874969482,50.2628746032715,1
2018-12-22 16:38:32,"1280",14,28.6803874969482,50.2628746032715,1
2018-12-22 16:44:08,"1280",14,28.6674385070801,50.257266998291,1
2018-12-22 16:57:10,"1280",17,28.648738861084,50.2670249938965,1
2018-12-22 17:22:19,"1280",14,28.6177387237549,50.2817192077637,1
2018-12-22 17:26:23,"1280",17,28.6360836029053,50.2785415649414,1
2018-12-22 06:48:46,"2288",14,28.6354694366455,50.2785110473633,1
2018-12-22 06:49:10,"2288",14,28.6378707885742,50.2780723571777,1
2018-12-22 06:49:27,"2288",14,28.6378707885742,50.2780723571777,1
2018-12-22 07:25:15,"2288",14,28.7032833099365,50.2520446777344,1
2018-12-22 07:41:28,"2288",14,28.6800975799561,50.2628364562988,1
2018-12-22 07:41:32,"2288",14,28.6800975799561,50.2628364562988,1
2018-12-22 07:44:06,"2288",14,28.6730136871338,50.2597846984863,1
2018-12-22 07:46:54,"2288",14,28.6662750244141,50.2571487426758,1
2018-12-22 08:21:59,"2288",17,28.6022300720215,50.2844696044922,1
2018-12-22 08:25:14,"2288",14,28.6123733520508,50.2826766967773,1
2018-12-22 08:27:23,"2288",14,28.6226806640625,50.2807693481445,1
2018-12-22 08:31:16,"2288",14,28.6377239227295,50.278133392334,1
2018-12-22 08:31:18,"2288",14,28.6377239227295,50.278133392334,1
2018-12-22 08:31:40,"2288",14,28.6377239227295,50.278133392334,1
2018-12-22 08:31:49,"2288",14,28.6390571594238,50.2779083251953,1
2018-12-22 08:32:00,"2288",14,28.6403903961182,50.277660369873,1
2018-12-22 08:33:08,"2288",14,28.6425437927246,50.2772598266602,1
2018-12-22 08:33:10,"2288",14,28.6425437927246,50.2772598266602,1
2018-12-22 08:33:12,"2288",14,28.6438217163086,50.2769737243652,1
2018-12-22 08:33:21,"2288",14,28.6438217163086,50.2769737243652,1
2018-12-22 05:16:49,"2288",14,28.6430912017822,50.2772254943848,1
2018-12-22 06:41:36,"2288",14,28.6061267852783,50.2837677001953,1
2018-12-22 08:33:49,"2288",14,28.6464328765869,50.2759246826172,1
2018-12-22 08:41:55,"2288",14,28.6532592773438,50.2610168457031,1
2018-12-22 08:48:46,"2288",14,28.6612358093262,50.2545852661133,1
2018-12-22 09:01:39,"2288",14,28.6929111480713,50.2397613525391,1
2018-12-22 09:01:41,"2288",14,28.6929111480713,50.2397613525391,1
2018-12-22 05:34:50,"1050",14,28.7032909393311,50.2542572021484,1
2018-12-22 06:23:25,"1050",14,28.6037578582764,50.2842330932617,1
2018-12-22 06:38:17,"1050",14,28.6488876342773,50.2651977539062,1
2018-12-22 06:50:34,"1050",14,28.6664333343506,50.2533950805664,1
2018-12-22 07:10:22,"1050",14,28.7031307220459,50.2477645874023,1
2018-12-22 07:27:08,"1050",14,28.6770706176758,50.2615699768066,1
2018-12-22 07:28:23,"1050",14,28.67458152771,50.2605247497559,1
2018-12-22 07:49:51,"1050",14,28.6355667114258,50.2786712646484,1
2018-12-22 07:49:58,"1050",14,28.6355667114258,50.2786712646484,1
2018-12-22 08:11:54,"1050",14,28.6341915130615,50.278751373291,1
2018-12-22 08:12:01,"1050",14,28.6352081298828,50.2785835266113,1
2018-12-22 08:13:58,"1050",14,28.641508102417,50.277473449707,1
2018-12-22 08:14:13,"1050",14,28.641508102417,50.277473449707,1
2018-12-22 08:15:05,"1050",14,28.6448059082031,50.2767753601074,1
2018-12-22 08:15:50,"1050",14,28.6476306915283,50.2738876342773,1
2018-12-22 08:16:01,"1050",14,28.6477165222168,50.2732849121094,1
2018-12-22 08:18:02,"1050",14,28.6482944488525,50.2688407897949,1
2018-12-22 10:13:10,"1050",14,28.6660118103027,50.2535362243652,1
2018-12-22 10:13:22,"1050",14,28.6660118103027,50.2535362243652,1
2018-12-22 10:13:58,"1050",14,28.6679153442383,50.2527084350586,1
2018-12-22 10:16:56,"1050",14,28.6751174926758,50.24951171875,1
2018-12-22 10:17:59,"1050",14,28.6775398254395,50.248664855957,1
2018-12-22 13:58:52,"1050",25,28.7033367156982,50.2568817138672,1
2018-12-22 13:59:27,"1050",14,28.7033214569092,50.2584190368652,1
2018-12-22 14:13:44,"1050",14,28.6814498901367,50.2633590698242,1
2018-12-22 14:20:09,"1050",14,28.6675205230713,50.2571830749512,1
2018-12-22 14:20:41,"1050",14,28.6652851104736,50.2566566467285,1
2018-12-22 14:37:09,"1050",14,28.6355724334717,50.2786445617676,1
2018-12-22 14:37:15,"1050",14,28.6355724334717,50.2786445617676,1
2018-12-22 14:54:25,"1050",14,28.6184329986572,50.2815895080566,1
2018-12-22 14:54:27,"1050",14,28.6184329986572,50.2815895080566,1
2018-12-22 14:54:52,"1050",14,28.6184329986572,50.2815895080566,1
2018-12-22 14:56:03,"1050",14,28.62548828125,50.2803382873535,1
2018-12-22 14:57:16,"1050",14,28.6312103271484,50.2792739868164,1
2018-12-22 15:01:24,"1050",17,28.6466274261475,50.2754821777344,1
2018-12-22 15:13:44,"1050",14,28.6607799530029,50.2553672790527,1
2018-12-22 15:17:33,"1050",14,28.6690692901611,50.2518730163574,1
2018-12-22 15:18:03,"1050",17,28.6703872680664,50.2512855529785,1
2018-12-22 15:18:33,"1050",14,28.6708583831787,50.2510299682617,1
2018-12-22 08:20:36,"1050",14,28.6487007141113,50.2653388977051,1
2018-12-22 08:24:56,"1050",14,28.6567497253418,50.2568740844727,1
2018-12-22 15:18:42,"1050",14,28.6715831756592,50.250732421875,1
2018-12-22 08:25:09,"1050",14,28.657039642334,50.2565574645996,1
2018-12-22 09:02:38,"1050",14,28.6906051635742,50.2672729492188,1
2018-12-22 09:02:42,"1050",14,28.6906051635742,50.2672729492188,1
2018-12-22 09:04:42,"1050",14,28.6837596893311,50.2643814086914,1
2018-12-22 09:16:05,"1050",14,28.6576614379883,50.2564277648926,1
2018-12-22 09:16:23,"1050",14,28.6570091247559,50.2566413879395,1
2018-12-22 09:20:43,"1050",14,28.6488342285156,50.2668266296387,1
2018-12-22 09:46:32,"1050",14,28.6086559295654,50.2833213806152,1
2018-12-22 09:49:26,"1050",14,28.6175899505615,50.2817192077637,1
2018-12-22 09:51:38,"1050",14,28.6250019073486,50.2803764343262,1
2018-12-22 09:52:06,"1050",14,28.6289100646973,50.2796859741211,1
2018-12-22 18:40:49,"1050",14,28.6685810089111,50.2522926330566,1
2018-12-22 18:42:18,"1050",14,28.6704406738281,50.2512817382812,1
2018-12-22 18:50:22,"1050",14,28.6878299713135,50.2430953979492,1
2018-12-22 06:18:50,"1270",14,28.6799793243408,50.2627563476562,1
2018-12-22 07:03:03,"1270",17,28.6198768615723,50.2812957763672,1
2018-12-22 07:30:33,"1270",17,28.681661605835,50.2465744018555,1
2018-12-22 08:41:30,"1270",14,28.6084327697754,50.283374786377,1
2018-12-22 08:41:35,"1270",14,28.6084327697754,50.283374786377,1
2018-12-22 08:42:13,"1270",14,28.6107215881348,50.2829780578613,1
2018-12-22 08:42:24,"1270",14,28.6107215881348,50.2829780578613,1
2018-12-22 08:48:48,"1270",14,28.6399593353271,50.2777214050293,1
2018-12-22 09:51:54,"1280",14,28.6719608306885,50.2593460083008,1
2018-12-22 09:52:12,"1280",14,28.6719608306885,50.2593460083008,1
2018-12-22 10:31:17,"1280",14,28.6113452911377,50.2828750610352,1
2018-12-22 10:31:26,"1280",14,28.6113452911377,50.2828750610352,1
2018-12-22 10:32:03,"1280",17,28.6136589050293,50.2824363708496,1
2018-12-22 10:32:20,"1280",14,28.6136589050293,50.2824363708496,1
2018-12-22 10:34:46,"1280",14,28.629035949707,50.2796859741211,1
2018-12-22 10:34:48,"1280",14,28.629035949707,50.2796859741211,1
2018-12-22 10:45:05,"1280",17,28.6503791809082,50.262279510498,1
2018-12-22 10:48:25,"1280",14,28.6572875976562,50.256404876709,1
2018-12-22 10:58:20,"1280",14,28.672420501709,50.2504539489746,1
2018-12-22 11:02:02,"1280",17,28.6818504333496,50.2464866638184,1
2018-12-22 13:30:45,"1280",14,28.648365020752,50.269947052002,1
2018-12-22 13:36:39,"1280",14,28.6339225769043,50.2789993286133,1
2018-12-22 13:36:44,"1280",14,28.6339225769043,50.2789993286133,1
2018-12-22 13:36:50,"1280",14,28.6339225769043,50.2789993286133,1
2018-12-22 13:37:06,"1280",17,28.6339225769043,50.2789993286133,1
2018-12-22 14:06:48,"1280",14,28.6488437652588,50.2654113769531,1
2018-12-22 14:07:02,"1280",14,28.6488437652588,50.2654113769531,1
2018-12-22 14:07:12,"1280",14,28.6488437652588,50.2654113769531,1
2018-12-22 14:10:00,"1280",14,28.6550025939941,50.2593116760254,1
2018-12-22 14:10:18,"1280",14,28.6550025939941,50.2593116760254,1
2018-12-22 14:28:47,"1280",1,28.6925792694092,50.2399291992188,1
2018-12-22 14:29:38,"1280",28,28.695499420166,50.2380142211914,1
2018-12-22 14:29:38,"1280",27,28.695499420166,50.2380142211914,1
2018-12-22 14:29:38,"1280",24,28.695499420166,50.2380142211914,1
2018-12-22 14:29:38,"1280",25,28.695499420166,50.2380142211914,1
2018-12-22 14:34:04,"1280",14,28.7024745941162,50.2438545227051,1
2018-12-22 15:43:37,"1280",14,28.6436824798584,50.2771644592285,1
2018-12-22 07:07:27,"1280",17,28.6039543151855,50.2842025756836,1
2018-12-22 07:07:31,"1280",17,28.6039543151855,50.2842025756836,1
2018-12-22 07:07:43,"1280",16,28.6039543151855,50.2842025756836,1
2018-12-22 07:25:09,"1280",14,28.6502227783203,50.2623100280762,1
2018-12-22 07:36:22,"1280",17,28.6704406738281,50.2513885498047,1
2018-12-22 07:37:02,"1280",14,28.672830581665,50.2503509521484,1
2018-12-22 07:48:15,"1280",14,28.7018718719482,50.2386932373047,1
2018-12-22 07:51:56,"1280",17,28.7032947540283,50.2487907409668,1
2018-12-22 07:52:14,"1280",14,28.7032947540283,50.2487907409668,1
2018-12-22 07:59:27,"1280",14,28.6981010437012,50.267448425293,1
2018-12-22 08:36:52,"1280",14,28.6172790527344,50.2819595336914,1
2018-12-22 08:43:47,"1280",14,28.5941905975342,50.2857551574707,1
2018-12-22 08:44:14,"1280",14,28.5951862335205,50.2857933044434,1
2018-12-22 08:58:41,"1280",14,28.6479358673096,50.272102355957,1
2018-12-22 09:05:48,"1280",26,28.6549034118652,50.2592544555664,1
2018-12-22 11:07:42,"1280",14,28.697172164917,50.2375984191895,1
2018-12-22 11:17:18,"1280",14,28.7031230926514,50.257251739502,1
2018-12-22 11:28:21,"1280",14,28.6830368041992,50.2641296386719,1
2018-12-22 11:39:59,"1280",14,28.6576251983643,50.2564735412598,1
2018-12-22 12:56:10,"1280",14,28.7032852172852,50.2529182434082,1
2018-12-22 12:56:21,"1280",14,28.7032852172852,50.2529182434082,1
2018-12-22 17:59:54,"1280",17,28.7028350830078,50.2454605102539,1
2018-12-22 18:14:04,"1280",14,28.6877536773682,50.2661094665527,1
2018-12-22 18:21:04,"1280",14,28.6702308654785,50.258602142334,1
2018-12-22 19:16:45,"1280",14,28.6615238189697,50.2540893554688,1
2018-12-22 20:04:22,"1280",14,28.6571750640869,50.2564353942871,1
2018-12-22 20:14:34,"1280",14,28.648588180542,50.2685852050781,1
2018-12-22 20:14:35,"1280",14,28.648588180542,50.2685852050781,1
2018-12-22 10:35:59,"078",14,28.6934757232666,50.2686347961426,1
2018-12-22 10:52:23,"078",14,28.6662254333496,50.2535209655762,1
2018-12-22 10:52:25,"078",14,28.6662254333496,50.2535209655762,1
2018-12-22 10:57:14,"078",14,28.6771106719971,50.2488250732422,1
2018-12-22 11:02:03,"078",14,28.6878433227539,50.2431602478027,1
2018-12-22 11:20:03,"078",14,28.6974754333496,50.2685546875,1
2018-12-22 11:23:19,"078",17,28.6914196014404,50.2676849365234,1
2018-12-22 11:23:23,"078",14,28.6914196014404,50.2676849365234,1
2018-12-22 12:36:34,"078",14,28.66823387146,50.2524909973145,1
2018-12-22 11:33:38,"078",14,28.6680850982666,50.2577247619629,1
2018-12-22 11:53:23,"078",14,28.6360206604004,50.2785720825195,1
2018-12-22 11:54:29,"078",14,28.6321182250977,50.2792205810547,1
2018-12-22 12:05:25,"078",14,28.6021022796631,50.2844581604004,1
2018-12-22 12:05:59,"078",14,28.6039810180664,50.2841415405273,1
2018-12-22 12:06:03,"078",14,28.6039810180664,50.2841415405273,1
2018-12-22 12:07:52,"078",17,28.611967086792,50.2826347351074,1
2018-12-22 12:08:40,"078",14,28.6154041290283,50.2820281982422,1
2018-12-22 12:19:10,"078",14,28.6478424072266,50.2726516723633,1
2018-12-22 12:24:55,"078",14,28.6499423980713,50.2627944946289,1
2018-12-22 12:36:14,"078",14,28.6666240692139,50.2533416748047,1
2018-12-22 12:38:46,"2290",14,28.6856307983398,50.2652053833008,1
2018-12-22 12:38:56,"2290",14,28.6856307983398,50.2652053833008,1
2018-12-22 13:24:30,"2290",14,28.6300277709961,50.2794990539551,1
2018-12-22 13:28:55,"2290",14,28.6456985473633,50.2764167785645,1
2018-12-22 13:39:45,"2290",14,28.659122467041,50.2568893432617,1
2018-12-22 13:55:07,"2290",14,28.6901988983154,50.2416915893555,1
2018-12-22 14:02:45,"2290",14,28.7033748626709,50.250057220459,1
2018-12-22 15:00:39,"2290",14,28.6131820678711,50.2825355529785,1
2018-12-22 15:02:05,"2290",14,28.6197566986084,50.2813339233398,1
2018-12-22 10:17:30,"2290",14,28.6815738677979,50.263500213623,1
2018-12-22 10:17:32,"2290",14,28.6815738677979,50.263500213623,1
2018-12-22 10:17:43,"2290",14,28.6815738677979,50.263500213623,1
2018-12-22 10:17:51,"2290",14,28.6815738677979,50.263500213623,1
2018-12-22 11:02:29,"2290",14,28.6794242858887,50.2625274658203,1
2018-12-22 11:02:31,"2290",14,28.6794242858887,50.2625274658203,1
2018-12-22 11:07:35,"2290",14,28.6655712127686,50.2570457458496,1
2018-12-22 11:50:13,"2290",17,28.6441516876221,50.2768669128418,1
2018-12-22 11:51:37,"2290",14,28.6479415893555,50.2722625732422,1
2018-12-22 11:51:41,"2290",17,28.6479415893555,50.2722625732422,1
2018-12-22 11:54:39,"2290",17,28.6488208770752,50.2663269042969,1
2018-12-22 11:54:49,"2290",17,28.6488208770752,50.2663269042969,1
2018-12-22 12:19:04,"2290",14,28.6994514465332,50.2379035949707,1
2018-12-22 12:26:06,"2290",14,28.7033367156982,50.252326965332,1
2018-12-22 12:26:12,"2290",14,28.7033367156982,50.252326965332,1
2018-12-22 15:02:14,"2290",14,28.6197566986084,50.2813339233398,1
2018-12-22 15:02:31,"2290",14,28.6197566986084,50.2813339233398,1
2018-12-22 15:07:55,"2290",14,28.6423454284668,50.277271270752,1
2018-12-22 15:31:52,"2290",17,28.6888751983643,50.2424621582031,1
2018-12-22 15:32:13,"2290",14,28.6888751983643,50.2424621582031,1
2018-12-22 15:32:15,"2290",14,28.6888751983643,50.2424621582031,1
2018-12-22 15:38:58,"2290",14,28.7025909423828,50.2441062927246,1
2018-12-22 16:11:53,"2290",14,28.6574382781982,50.2563438415527,1
2018-12-22 16:14:20,"2290",14,28.6539726257324,50.2605667114258,1
2018-12-22 16:14:29,"2290",14,28.6539726257324,50.2605667114258,1
2018-12-22 16:20:36,"2290",14,28.6477279663086,50.2742042541504,1
2018-12-22 16:20:37,"2290",14,28.6477279663086,50.2742042541504,1
2018-12-22 16:26:29,"2290",14,28.6289882659912,50.2798271179199,1
2018-12-22 16:28:04,"2290",14,28.6179027557373,50.2818412780762,1
2018-12-22 16:48:23,"2290",14,28.6423416137695,50.2772331237793,1
2018-12-22 06:43:55,"107",14,28.6576366424561,50.2564659118652,1
2018-12-22 06:59:35,"107",14,28.6283092498779,50.2799758911133,1
2018-12-22 07:24:45,"107",14,28.6398773193359,50.2777404785156,1
2018-12-22 10:35:42,"537",14,28.6573104858398,50.2563896179199,1
2018-12-22 10:35:45,"537",17,28.6573104858398,50.2563896179199,1
2018-12-22 10:50:05,"537",17,28.6261901855469,50.280345916748,1
2018-12-22 10:50:12,"537",14,28.6261901855469,50.280345916748,1
2018-12-22 11:09:19,"537",17,28.6376609802246,50.2781562805176,1
2018-12-22 11:10:00,"537",14,28.6398506164551,50.2777481079102,1
2018-12-22 11:31:29,"537",17,28.6704559326172,50.2512092590332,1
2018-12-22 11:31:33,"537",17,28.6704559326172,50.2512092590332,1
2018-12-22 11:38:19,"537",14,28.6852264404297,50.2446784973145,1
2018-12-22 11:38:26,"537",14,28.6852264404297,50.2446784973145,1
2018-12-22 11:49:40,"537",14,28.7034225463867,50.2497863769531,1
2018-12-22 11:49:42,"537",14,28.7034225463867,50.2497863769531,1
2018-12-22 12:14:17,"537",14,28.6675605773926,50.257396697998,1
2018-12-22 12:14:29,"537",17,28.6675605773926,50.257396697998,1
2018-12-22 12:34:14,"537",14,28.6337509155273,50.2789878845215,1
2018-12-22 12:45:08,"537",17,28.6017837524414,50.2845802307129,1
2018-12-22 16:55:02,"537",14,28.7032604217529,50.2529106140137,1
2018-12-22 16:58:36,"537",14,28.7030506134033,50.2603645324707,1
2018-12-22 16:58:42,"537",14,28.7030506134033,50.2603645324707,1
2018-12-22 16:58:44,"537",14,28.7030506134033,50.2603645324707,1
2018-12-22 16:58:46,"537",14,28.7030010223389,50.2617874145508,1
2018-12-22 16:59:59,"537",14,28.7010116577148,50.2653160095215,1
2018-12-22 17:13:42,"537",14,28.670259475708,50.2585487365723,1
2018-12-22 17:15:38,"537",14,28.6664276123047,50.2571334838867,1
2018-12-22 17:21:59,"537",14,28.6549701690674,50.2591438293457,1
2018-12-22 17:22:50,"537",14,28.6536026000977,50.2608833312988,1
2018-12-22 17:32:31,"537",14,28.6388111114502,50.278076171875,1
2018-12-22 17:34:28,"537",14,28.6320762634277,50.2792587280273,1
2018-12-22 18:25:30,"537",14,28.6963977813721,50.2376861572266,1
2018-12-22 18:45:19,"537",14,28.6913204193115,50.2675704956055,1
2018-12-22 18:58:24,"537",14,28.6607131958008,50.2559852600098,1
2018-12-22 19:00:18,"537",14,28.65749168396,50.2563819885254,1
2018-12-22 19:00:43,"537",14,28.6571178436279,50.256275177002,1
2018-12-22 19:00:44,"537",14,28.6571178436279,50.256275177002,1
2018-12-22 07:40:08,"1268",14,28.6486797332764,50.2665519714355,1
2018-12-22 07:42:09,"1268",14,28.6502418518066,50.2622947692871,1
2018-12-22 08:03:59,"1268",14,28.7011375427246,50.2379913330078,1
2018-12-22 08:28:15,"1268",14,28.6698665618896,50.2584037780762,1
2018-12-22 08:28:21,"1268",14,28.6698665618896,50.2584037780762,1
2018-12-22 08:30:44,"1268",14,28.66455078125,50.2569274902344,1
2018-12-22 08:35:46,"1268",14,28.6573696136475,50.2564163208008,1
2018-12-22 09:09:33,"1268",14,28.6231212615967,50.2806739807129,1
2018-12-22 09:15:18,"1268",14,28.6435623168945,50.2770195007324,1
2018-12-22 09:15:24,"1268",14,28.6435623168945,50.2770195007324,1
2018-12-22 09:15:33,"1268",14,28.6435623168945,50.2770195007324,1
2018-12-22 11:36:01,"1268",14,28.7031745910645,50.2580909729004,1
2018-12-22 11:36:10,"1268",14,28.7031745910645,50.2580909729004,1
2018-12-22 11:37:31,"1268",17,28.7030982971191,50.2599601745605,1
2018-12-22 11:37:37,"1268",17,28.7030982971191,50.2599601745605,1
2018-12-22 11:45:09,"1268",14,28.6916656494141,50.2677536010742,1
2018-12-22 12:12:22,"1268",14,28.6370429992676,50.2784538269043,1
2018-12-22 12:35:28,"1268",14,28.6405601501465,50.2776260375977,1
2018-12-22 12:35:38,"1268",14,28.6405601501465,50.2776260375977,1
2018-12-22 15:55:03,"1268",17,28.6323795318604,50.2790641784668,1
2018-12-22 15:55:17,"1268",14,28.6323795318604,50.2790641784668,1
2018-12-22 16:15:42,"1268",17,28.6693477630615,50.2518692016602,1
2018-12-22 16:15:51,"1268",17,28.6693477630615,50.2518692016602,1
2018-12-22 16:15:56,"1268",14,28.6693477630615,50.2518692016602,1
2018-12-22 16:22:10,"1268",16,28.68479347229,50.2448310852051,1
2018-12-22 16:23:13,"1268",14,28.6866035461426,50.2438354492188,1
2018-12-22 16:23:28,"1268",32,28.6866035461426,50.2438354492188,1
2018-12-22 16:23:54,"1268",14,28.6874198913574,50.2433547973633,1
2018-12-22 07:58:56,"537",14,28.6503524780273,50.2621536254883,1
2018-12-22 08:03:02,"537",14,28.659688949585,50.2570152282715,1
2018-12-22 08:05:32,"537",14,28.6614933013916,50.2538795471191,1
2018-12-22 08:39:02,"537",14,28.6854476928711,50.2651443481445,1
2018-12-22 09:30:16,"537",14,28.6354827880859,50.2785034179688,1
2018-12-22 09:30:20,"537",14,28.6354827880859,50.2785034179688,1
2018-12-22 09:30:22,"537",14,28.6354827880859,50.2785034179688,1
2018-12-22 09:33:19,"537",14,28.6445827484131,50.2767791748047,1
2018-12-22 09:33:24,"537",14,28.6445827484131,50.2767791748047,1
2018-12-22 10:26:43,"537",14,28.673755645752,50.2601203918457,1
2018-12-22 10:26:49,"537",14,28.673755645752,50.2601203918457,1
2018-12-22 10:26:58,"537",14,28.673755645752,50.2601203918457,1
2018-12-22 12:55:50,"537",14,28.6412754058838,50.2775115966797,1
2018-12-22 12:55:54,"537",14,28.6412754058838,50.2775115966797,1
2018-12-22 13:03:12,"537",14,28.6501808166504,50.2623710632324,1
2018-12-22 13:03:29,"537",14,28.6501808166504,50.2623710632324,1
2018-12-22 13:11:52,"537",17,28.6611309051514,50.2548141479492,1
2018-12-22 07:32:52,"107",14,28.6532306671143,50.2609443664551,1
2018-12-22 13:21:25,"537",14,28.6774082183838,50.2487487792969,1
2018-12-22 13:39:48,"537",14,28.7032680511475,50.252742767334,1
2018-12-22 13:56:20,"537",14,28.6799926757812,50.2627449035645,1
2018-12-22 13:56:46,"537",14,28.6799926757812,50.2627449035645,1
2018-12-22 14:04:51,"537",14,28.6608543395996,50.2560348510742,1
2018-12-22 14:05:53,"537",14,28.6598682403564,50.2570419311523,1
2018-12-22 14:13:47,"537",14,28.6487808227539,50.2668838500977,1
2018-12-22 14:33:26,"537",14,28.6411247253418,50.277530670166,1
2018-12-22 14:33:29,"537",14,28.6411247253418,50.277530670166,1
2018-12-22 14:33:39,"537",14,28.6411247253418,50.277530670166,1
2018-12-22 14:33:42,"537",17,28.6411247253418,50.277530670166,1
2018-12-22 14:33:47,"537",17,28.6411247253418,50.277530670166,1
2018-12-22 19:56:36,"537",14,28.6689682006836,50.2520294189453,1
2018-12-22 19:56:38,"537",14,28.6689682006836,50.2520294189453,1
2018-12-22 19:56:39,"537",14,28.6689682006836,50.2520294189453,1
2018-12-22 20:03:12,"537",14,28.6862812042236,50.2440338134766,1
2018-12-22 20:03:20,"537",14,28.6862812042236,50.2440338134766,1
2018-12-22 20:14:34,"537",14,28.7033214569092,50.2522583007812,1
2018-12-22 20:27:41,"537",17,28.6876850128174,50.2660217285156,1
2018-12-22 20:35:31,"537",14,28.6674365997314,50.2574806213379,1
2018-12-22 21:13:40,"537",14,28.6063747406006,50.2837448120117,1
2018-12-22 21:13:42,"537",14,28.6063747406006,50.2837448120117,1
2018-12-22 07:38:12,"107",17,28.6609325408936,50.2551116943359,1
2018-12-22 07:41:25,"107",17,28.667911529541,50.2526741027832,1
2018-12-22 09:47:36,"1268",14,28.7031440734863,50.2477874755859,1
2018-12-22 09:54:36,"1268",14,28.6973133087158,50.2680397033691,1
2018-12-22 10:02:39,"1268",14,28.6820888519287,50.2636566162109,1
2018-12-22 10:02:42,"1268",17,28.6805744171143,50.2629814147949,1
2018-12-22 10:08:40,"1268",14,28.6647205352783,50.257007598877,1
2018-12-22 07:42:37,"107",14,28.6697883605957,50.2516441345215,1
2018-12-22 10:08:58,"1268",14,28.6647205352783,50.257007598877,1
2018-12-22 10:21:27,"1268",14,28.6487674713135,50.2667503356934,1
2018-12-22 10:56:21,"1268",14,28.6453952789307,50.276611328125,1
2018-12-22 10:56:45,"1268",14,28.6453952789307,50.276611328125,1
2018-12-22 10:56:46,"1268",14,28.6453952789307,50.276611328125,1
2018-12-22 11:01:13,"1268",17,28.6487560272217,50.2662353515625,1
2018-12-22 11:01:20,"1268",17,28.6487560272217,50.2662353515625,1
2018-12-22 14:09:20,"1268",17,28.6023921966553,50.2844505310059,1
2018-12-22 14:09:25,"1268",17,28.6023921966553,50.2844505310059,1
2018-12-22 07:44:47,"107",14,28.6754169464111,50.2493209838867,1
2018-12-22 14:34:59,"1268",17,28.6684246063232,50.2524337768555,1
2018-12-22 14:56:48,"1268",14,28.7031764984131,50.2584838867188,1
2018-12-22 14:56:59,"1268",14,28.7031764984131,50.2584838867188,1
2018-12-22 14:59:57,"1268",14,28.697338104248,50.26806640625,1
2018-12-22 14:59:58,"1268",14,28.697338104248,50.26806640625,1
2018-12-22 15:00:13,"1268",14,28.697338104248,50.26806640625,1
2018-12-22 15:05:18,"1268",14,28.6895179748535,50.2669067382812,1
2018-12-22 15:05:30,"1268",14,28.6895179748535,50.2669067382812,1
2018-12-22 15:08:56,"1268",14,28.6828384399414,50.2640914916992,1
2018-12-22 15:09:16,"1268",14,28.6828384399414,50.2640914916992,1
2018-12-22 15:15:14,"1268",14,28.6668586730957,50.2574729919434,1
2018-12-22 15:16:15,"1268",14,28.6646308898926,50.2570343017578,1
2018-12-22 15:16:16,"1268",14,28.6646308898926,50.2570343017578,1
2018-12-22 15:19:58,"1268",14,28.6574592590332,50.2564125061035,1
2018-12-22 07:50:57,"107",14,28.6920070648193,50.2403297424316,1
2018-12-22 07:55:54,"107",14,28.7024784088135,50.2427024841309,1
2018-12-22 08:16:02,"107",14,28.6737899780273,50.2600708007812,1
2018-12-22 09:04:31,"107",14,28.6321926116943,50.2790985107422,1
2018-12-22 09:04:39,"107",14,28.6321926116943,50.2790985107422,1
2018-12-22 09:04:56,"107",14,28.6338882446289,50.2787971496582,1
2018-12-22 09:05:21,"107",14,28.635986328125,50.278434753418,1
2018-12-22 09:22:09,"107",14,28.6613903045654,50.2542304992676,1
2018-12-22 09:24:05,"107",17,28.6675281524658,50.2528190612793,1
2018-12-22 09:24:07,"107",17,28.6675281524658,50.2528190612793,1
2018-12-22 11:29:47,"086",14,28.640495300293,50.2777061462402,1
2018-12-22 11:30:29,"086",14,28.6424674987793,50.2773475646973,1
2018-12-22 11:33:39,"086",14,28.648494720459,50.2685470581055,1
2018-12-22 11:52:55,"086",14,28.6762104034424,50.2491416931152,1
2018-12-22 11:56:29,"086",14,28.6853504180908,50.2445869445801,1
2018-12-22 11:56:35,"086",17,28.6853504180908,50.2445869445801,1
2018-12-22 17:06:41,"086",14,28.703088760376,50.2479629516602,1
2018-12-22 17:13:07,"086",14,28.7029094696045,50.2626571655273,1
2018-12-22 17:21:31,"086",32,28.6861686706543,50.2654342651367,1
2018-12-22 17:21:39,"086",17,28.6861686706543,50.2654342651367,1
2018-12-22 17:23:37,"086",14,28.6819763183594,50.2636642456055,1
2018-12-22 17:36:15,"086",14,28.656156539917,50.2576522827148,1
2018-12-22 18:10:27,"086",14,28.618143081665,50.2816772460938,1
2018-12-22 10:44:56,"086",14,28.6677227020264,50.2574577331543,1
2018-12-22 10:45:01,"086",14,28.6677227020264,50.2574577331543,1
2018-12-22 10:45:15,"086",14,28.6677227020264,50.2574577331543,1
2018-12-22 10:53:21,"086",17,28.6555156707764,50.2584762573242,1
2018-12-22 10:53:29,"086",14,28.6552677154541,50.2588043212891,1
2018-12-22 10:59:01,"086",14,28.6483154296875,50.2702331542969,1
2018-12-22 11:19:45,"086",14,28.6059913635254,50.2838516235352,1
2018-12-22 11:20:41,"086",17,28.6090354919434,50.2833213806152,1
2018-12-22 11:23:40,"086",17,28.6185474395752,50.2815704345703,1
2018-12-22 13:36:04,"086",14,28.6727733612061,50.2504119873047,1
2018-12-22 13:40:53,"086",14,28.685754776001,50.2444305419922,1
2018-12-22 13:40:58,"086",14,28.685754776001,50.2444305419922,1
2018-12-22 13:42:16,"086",14,28.6899108886719,50.2418746948242,1
2018-12-22 13:43:56,"086",14,28.6959648132324,50.2379112243652,1
2018-12-22 13:44:13,"086",14,28.6959648132324,50.2379112243652,1
2018-12-22 13:44:15,"086",14,28.6959648132324,50.2379112243652,1
2018-12-22 13:48:50,"086",14,28.7025928497314,50.2443046569824,1
2018-12-22 13:52:20,"086",14,28.7032604217529,50.2525444030762,1
2018-12-22 14:11:14,"086",14,28.6726303100586,50.2596015930176,1
2018-12-22 14:11:22,"086",14,28.6726303100586,50.2596015930176,1
2018-12-22 16:26:03,"086",14,28.6875534057617,50.2659797668457,1
2018-12-22 16:26:04,"086",14,28.6875534057617,50.2659797668457,1
2018-12-22 16:29:51,"086",14,28.6815414428711,50.2633857727051,1
2018-12-22 16:29:58,"086",14,28.6815414428711,50.2633857727051,1
2018-12-22 19:51:28,"086",14,28.6265697479248,50.2800598144531,1
2018-12-22 20:12:31,"086",14,28.6715087890625,50.2508125305176,1
2018-12-22 20:12:49,"086",14,28.673168182373,50.2502288818359,1
2018-12-22 20:25:31,"086",14,28.7024002075195,50.2425804138184,1
2018-12-22 20:28:09,"086",14,28.7033081054688,50.2483558654785,1
2018-12-22 20:44:41,"086",14,28.6828918457031,50.2640419006348,1
2018-12-22 21:29:43,"086",14,28.6695251464844,50.251781463623,1
2018-12-22 15:03:43,"537",14,28.6962833404541,50.2376365661621,1
2018-12-22 15:03:45,"537",14,28.6962833404541,50.2376365661621,1
2018-12-22 15:04:14,"537",14,28.6992588043213,50.2377967834473,1
2018-12-22 15:10:07,"537",14,28.7031555175781,50.2481117248535,1
2018-12-22 15:26:01,"537",14,28.6873893737793,50.265926361084,1
2018-12-22 16:12:05,"537",14,28.6130466461182,50.2825241088867,1
2018-12-22 16:35:50,"537",14,28.6639232635498,50.2534675598145,1
2018-12-22 16:36:08,"537",17,28.6639232635498,50.2534675598145,1
2018-12-22 16:44:40,"537",14,28.6865005493164,50.2438011169434,1
2018-12-22 16:45:35,"537",14,28.6898765563965,50.2417945861816,1
2018-12-22 06:58:28,"1268",14,28.6532325744629,50.2610626220703,1
2018-12-22 07:24:17,"1268",14,28.6048755645752,50.2840194702148,1
2018-12-22 12:39:59,"1268",14,28.6484756469727,50.2682342529297,1
2018-12-22 12:54:56,"1268",14,28.6691150665283,50.2520065307617,1
2018-12-22 13:02:27,"1268",14,28.685037612915,50.2447166442871,1
2018-12-22 13:02:56,"1268",14,28.6851768493652,50.2446441650391,1
2018-12-22 13:03:07,"1268",14,28.6851768493652,50.2446441650391,1
2018-12-22 13:03:15,"1268",14,28.6851768493652,50.2446441650391,1
2018-12-22 13:03:21,"1268",14,28.6851768493652,50.2446441650391,1
2018-12-22 13:34:13,"1268",14,28.6725559234619,50.2595176696777,1
2018-12-22 13:34:33,"1268",21,28.6725559234619,50.2595176696777,1
2018-12-22 13:38:46,"1268",14,28.6618347167969,50.2561912536621,1
2018-12-22 13:39:25,"1268",14,28.6613006591797,50.2560501098633,1
2018-12-22 13:39:28,"1268",14,28.6613006591797,50.2560501098633,1
2018-12-22 13:39:30,"1268",14,28.6613006591797,50.2560501098633,1
2018-12-22 13:43:08,"1268",14,28.6559505462646,50.2580146789551,1
2018-12-22 13:49:47,"1268",14,28.6481037139893,50.271785736084,1
2018-12-22 13:49:59,"1268",14,28.6481037139893,50.271785736084,1
2018-12-22 13:50:15,"1268",14,28.6478652954102,50.273265838623,1
2018-12-22 15:55:26,"093",14,28.6579608917236,50.2734642028809,0
2018-12-22 15:55:34,"093",14,28.6579608917236,50.2734642028809,0
2018-12-22 16:05:42,"093",14,28.6738605499268,50.2729530334473,0
2018-12-22 16:07:43,"093",14,28.6791076660156,50.267894744873,0
2018-12-22 12:41:09,"086",14,28.6490459442139,50.2657928466797,1
2018-12-22 12:43:27,"086",14,28.6484489440918,50.2696075439453,1
2018-12-22 12:46:49,"086",14,28.6465396881104,50.2759475708008,1
2018-12-22 12:51:42,"086",14,28.631420135498,50.279369354248,1
2018-12-22 13:04:43,"086",14,28.6025218963623,50.2844619750977,1
2018-12-22 13:08:02,"086",14,28.6136875152588,50.2824554443359,1
2018-12-22 13:08:09,"086",17,28.6136875152588,50.2824554443359,1
2018-12-22 13:23:00,"086",14,28.6536388397217,50.2608795166016,1
2018-12-22 13:23:10,"086",14,28.6536388397217,50.2608795166016,1
2018-12-22 13:23:27,"086",14,28.6538848876953,50.2606887817383,1
2018-12-22 13:23:36,"086",14,28.6542224884033,50.2602157592773,1
2018-12-22 13:23:51,"086",14,28.6548519134521,50.2593421936035,1
2018-12-22 13:26:43,"086",14,28.6594123840332,50.2569465637207,1
2018-12-22 18:11:25,"086",14,28.6210346221924,50.2811546325684,1
2018-12-22 18:15:32,"086",14,28.6411018371582,50.277530670166,1
2018-12-22 18:21:15,"086",32,28.6487274169922,50.2663192749023,1
2018-12-22 18:23:29,"086",14,28.6541137695312,50.2602462768555,1
2018-12-22 18:52:30,"086",14,28.7031784057617,50.2582092285156,1
2018-12-22 18:53:20,"086",14,28.703125,50.2593231201172,1
2018-12-22 19:02:50,"086",14,28.6821231842041,50.2636375427246,1
2018-12-22 19:02:52,"086",14,28.6821231842041,50.2636375427246,1
2018-12-22 19:08:22,"086",14,28.6668815612793,50.2573394775391,1
2018-12-22 19:09:57,"086",14,28.66162109375,50.2561836242676,1
2018-12-22 19:13:47,"086",14,28.6573677062988,50.2563514709473,1
2018-12-22 19:13:49,"086",14,28.6572818756104,50.2563743591309,1
2018-12-22 19:28:43,"086",14,28.6331481933594,50.2790451049805,1
2018-12-22 19:45:01,"086",32,28.6011943817139,50.2847442626953,1
2018-12-22 19:49:01,"086",14,28.6146354675293,50.2822456359863,1
2018-12-22 16:36:21,"093",17,28.6758155822754,50.2609329223633,1
2018-12-22 18:56:18,"093",14,28.7065200805664,50.2532348632812,0
2018-12-22 19:13:20,"093",14,28.7060508728027,50.2547760009766,0
2018-12-22 19:13:44,"093",14,28.7060508728027,50.2547760009766,0
2018-12-22 05:09:07,"2288",14,28.6122856140137,50.2826995849609,1
2018-12-22 05:32:56,"2288",14,28.6760177612305,50.2492523193359,1
2018-12-22 05:32:58,"2288",14,28.6760177612305,50.2492523193359,1
2018-12-22 05:58:13,"2288",27,28.6877307891846,50.2661285400391,1
2018-12-22 05:58:13,"2288",25,28.6877307891846,50.2661285400391,1
2018-12-22 06:23:13,"2288",14,28.6353359222412,50.278694152832,1
2018-12-22 06:40:36,"2288",17,28.6027965545654,50.2843971252441,1
2018-12-22 08:34:42,"2288",14,28.6479530334473,50.2718963623047,1
2018-12-22 08:34:44,"2288",14,28.6479530334473,50.2718963623047,1
2018-12-22 08:36:42,"2288",14,28.6486015319824,50.2678184509277,1
2018-12-22 08:36:47,"2288",14,28.6486015319824,50.2678184509277,1
2018-12-22 08:19:13,"1050",17,28.6486663818359,50.2666320800781,1
2018-12-22 08:25:16,"1050",14,28.657039642334,50.2565574645996,1
2018-12-22 08:26:53,"1050",14,28.6593818664551,50.2569007873535,1
2018-12-22 08:27:05,"1050",14,28.6593818664551,50.2569007873535,1
2018-12-22 08:27:07,"1050",14,28.6593818664551,50.2569007873535,1
2018-12-22 08:31:39,"1050",14,28.6668281555176,50.2532272338867,1
2018-12-22 08:47:02,"1050",14,28.7025032043457,50.2429161071777,1
2018-12-22 08:47:37,"1050",14,28.702672958374,50.2445449829102,1
2018-12-22 09:04:55,"1050",14,28.6832466125488,50.2641677856445,1
2018-12-22 09:06:21,"1050",14,28.680082321167,50.2627716064453,1
2018-12-22 09:06:22,"1050",14,28.680082321167,50.2627716064453,1
2018-12-22 09:09:27,"1050",14,28.6720333099365,50.259349822998,1
2018-12-22 09:56:58,"1050",14,28.6419982910156,50.2773590087891,1
2018-12-22 09:57:40,"1050",14,28.6457710266113,50.2763748168945,1
2018-12-22 06:45:48,"2288",14,28.6206226348877,50.2811737060547,1
2018-12-22 06:48:55,"2288",14,28.6362705230713,50.2783508300781,1
2018-12-22 07:09:28,"2288",14,28.6765804290771,50.2489814758301,1
2018-12-22 07:21:02,"2288",14,28.70241355896,50.2426834106445,1
2018-12-22 07:21:03,"2288",14,28.70241355896,50.2426834106445,1
2018-12-22 07:21:09,"2288",14,28.70241355896,50.2426834106445,1
2018-12-22 07:41:47,"2288",17,28.6787757873535,50.2622108459473,1
2018-12-22 08:10:31,"2288",14,28.6156692504883,50.2820014953613,1
2018-12-22 08:11:02,"2288",14,28.6129264831543,50.2825202941895,1
2018-12-22 08:13:13,"2288",14,28.6074314117432,50.2834968566895,1
2018-12-22 08:22:22,"2288",14,28.6032028198242,50.2843246459961,1
2018-12-22 08:23:31,"2288",14,28.6072425842285,50.2835655212402,1
2018-12-22 08:32:06,"2288",14,28.6412544250488,50.2775077819824,1
2018-12-22 05:35:52,"1050",14,28.7032527923584,50.2571144104004,1
2018-12-22 06:37:58,"1050",14,28.6487636566162,50.2662315368652,1
2018-12-22 06:58:23,"1050",14,28.6819744110107,50.2463455200195,1
2018-12-22 07:36:16,"1050",14,28.6572608947754,50.2563858032227,1
2018-12-22 08:12:07,"1050",14,28.6360321044922,50.2784233093262,1
2018-12-22 08:12:18,"1050",14,28.6366596221924,50.2783050537109,1
2018-12-22 08:12:37,"1050",14,28.6370315551758,50.278247833252,1
2018-12-22 08:12:39,"1050",14,28.6370315551758,50.278247833252,1
2018-12-22 08:12:45,"1050",17,28.6370315551758,50.278247833252,1
2018-12-22 08:12:49,"1050",17,28.6370315551758,50.278247833252,1
2018-12-22 08:12:57,"1050",14,28.6370315551758,50.278247833252,1
2018-12-22 08:17:34,"1050",14,28.6481857299805,50.2697868347168,1
2018-12-22 08:17:36,"1050",14,28.6481857299805,50.2697868347168,1
2018-12-22 10:18:30,"1050",14,28.6786499023438,50.2481727600098,1
2018-12-22 14:04:04,"1050",14,28.697416305542,50.2680358886719,1
2018-12-22 14:07:53,"1050",14,28.6916007995605,50.2678070068359,1
2018-12-22 14:10:59,"1050",14,28.6848278045654,50.264949798584,1
2018-12-22 14:13:48,"1050",14,28.6808452606201,50.2630996704102,1
2018-12-22 14:16:11,"1050",14,28.6750297546387,50.2604293823242,1
2018-12-22 14:16:15,"1050",14,28.6750297546387,50.2604293823242,1
2018-12-22 14:17:58,"1050",14,28.6714057922363,50.2587051391602,1
2018-12-22 14:56:22,"1050",14,28.6281356811523,50.2798461914062,1
2018-12-22 15:14:44,"1050",14,28.6625308990479,50.2539863586426,1
2018-12-22 15:15:07,"1050",14,28.6640586853027,50.2539100646973,1
2018-12-22 07:02:46,"1270",14,28.6176128387451,50.2817192077637,1
2018-12-22 07:04:00,"1270",14,28.6243152618408,50.2804946899414,1
2018-12-22 07:08:46,"1270",17,28.6424808502197,50.277271270752,1
2018-12-22 07:10:22,"1270",14,28.6463966369629,50.2759399414062,1
2018-12-22 07:11:37,"1270",14,28.6481456756592,50.2704048156738,1
2018-12-22 07:11:55,"1270",14,28.6481456756592,50.2704048156738,1
2018-12-22 07:35:32,"1270",14,28.696403503418,50.2377090454102,1
2018-12-22 07:46:47,"1270",17,28.7031059265137,50.2592620849609,1
2018-12-22 07:56:48,"1270",14,28.6850833892822,50.2649765014648,1
2018-12-22 07:58:10,"1270",14,28.6811599731445,50.2632751464844,1
2018-12-22 08:45:44,"1270",14,28.6285610198975,50.2797355651855,1
2018-12-22 08:45:47,"1270",14,28.6285610198975,50.2797355651855,1
2018-12-22 08:45:57,"1270",14,28.6285610198975,50.2797355651855,1
2018-12-22 08:50:06,"1270",14,28.6443462371826,50.2768821716309,1
2018-12-22 08:51:03,"1270",14,28.6476898193359,50.2738304138184,1
2018-12-22 08:51:22,"1270",14,28.6479034423828,50.2723655700684,1
2018-12-22 09:55:14,"1280",14,28.6637287139893,50.2566947937012,1
2018-12-22 09:55:24,"1280",14,28.6637287139893,50.2566947937012,1
2018-12-22 10:00:33,"1280",14,28.6540966033936,50.2604598999023,1
2018-12-22 10:11:57,"1280",14,28.6396865844727,50.2780075073242,1
2018-12-22 10:13:15,"1280",17,28.6360111236572,50.2786026000977,1
2018-12-22 10:13:40,"1280",14,28.6352767944336,50.2787055969238,1
2018-12-22 10:30:13,"1280",14,28.6069583892822,50.2836380004883,1
2018-12-22 10:38:52,"1280",14,28.6425495147705,50.277271270752,1
2018-12-22 10:45:44,"1280",14,28.6521968841553,50.2614288330078,1
2018-12-22 11:02:43,"1280",14,28.6842555999756,50.2451515197754,1
2018-12-22 13:21:08,"1280",14,28.6599559783936,50.2570304870605,1
2018-12-22 13:21:09,"1280",14,28.6599559783936,50.2570304870605,1
2018-12-22 13:21:35,"1280",14,28.6590976715088,50.2569046020508,1
2018-12-22 13:51:06,"1280",17,28.6073741912842,50.2835845947266,1
2018-12-22 13:51:13,"1280",14,28.6073741912842,50.2835845947266,1
2018-12-22 13:51:14,"1280",17,28.6073741912842,50.2835845947266,1
2018-12-22 13:54:25,"1280",17,28.6185207366943,50.2815475463867,1
2018-12-22 13:58:15,"1280",17,28.6362590789795,50.2784767150879,1
2018-12-22 14:13:25,"1280",14,28.659725189209,50.2570266723633,1
2018-12-22 14:25:17,"1280",14,28.6839828491211,50.2452659606934,1
2018-12-22 14:25:21,"1280",14,28.6839828491211,50.2452659606934,1
2018-12-22 14:25:24,"1280",14,28.6839828491211,50.2452659606934,1
2018-12-22 14:35:34,"1280",17,28.7030048370361,50.2472496032715,1
2018-12-22 14:36:39,"1280",17,28.7035007476807,50.2508583068848,1
2018-12-22 15:06:56,"1280",14,28.6557674407959,50.2580528259277,1
2018-12-22 15:09:37,"1280",17,28.6490268707275,50.2652206420898,1
2018-12-22 15:09:41,"1280",17,28.6490268707275,50.2652206420898,1
2018-12-22 10:55:09,"078",14,28.67138671875,50.2509002685547,1
2018-12-22 11:12:54,"078",14,28.7033367156982,50.2524719238281,1
2018-12-22 11:13:14,"078",14,28.703332901001,50.252571105957,1
2018-12-22 11:15:26,"078",17,28.7032279968262,50.2567710876465,1
2018-12-22 11:19:45,"078",14,28.6974601745605,50.2679672241211,1
2018-12-22 11:26:44,"078",14,28.6828804016113,50.2640342712402,1
2018-12-22 11:27:58,"078",17,28.6805820465088,50.2631340026855,1
2018-12-22 11:30:59,"078",14,28.6727275848389,50.259651184082,1
2018-12-22 11:31:20,"078",14,28.6727275848389,50.259651184082,1
2018-12-22 12:42:46,"078",14,28.6844615936279,50.2450180053711,1
2018-12-22 12:44:57,"078",14,28.691478729248,50.2406692504883,1
2018-12-22 07:12:29,"1280",14,28.6241302490234,50.2805213928223,1
2018-12-22 07:45:12,"1280",14,28.6945056915283,50.2387199401855,1
2018-12-22 08:01:25,"1280",14,28.6958522796631,50.2698440551758,1
2018-12-22 08:04:34,"1280",14,28.6897792816162,50.2670097351074,1
2018-12-22 08:11:09,"1280",17,28.6722507476807,50.2594718933105,1
2018-12-22 08:11:13,"1280",17,28.6722507476807,50.2594718933105,1
2018-12-22 11:29:00,"1280",14,28.6809844970703,50.2633171081543,1
2018-12-22 11:29:02,"1280",14,28.6809844970703,50.2633171081543,1
2018-12-22 11:29:12,"1280",14,28.6809844970703,50.2633171081543,1
2018-12-22 11:32:48,"1280",14,28.671537399292,50.2590942382812,1
2018-12-22 12:19:35,"1280",14,28.6444416046143,50.2768249511719,1
2018-12-22 12:19:55,"1280",14,28.6444416046143,50.2768249511719,1
2018-12-22 12:19:57,"1280",14,28.6444416046143,50.2768249511719,1
2018-12-22 12:19:58,"1280",14,28.6444416046143,50.2768249511719,1
2018-12-22 12:52:26,"1280",14,28.7025451660156,50.242561340332,1
2018-12-22 13:12:34,"1280",14,28.6791152954102,50.2624778747559,1
2018-12-22 13:12:35,"1280",14,28.6791152954102,50.2624778747559,1
2018-12-22 13:13:36,"1280",17,28.6752853393555,50.260814666748,1
2018-12-22 13:18:14,"1280",14,28.6633205413818,50.2567596435547,1
2018-12-22 13:20:11,"1280",14,28.660795211792,50.255989074707,1
2018-12-22 17:45:31,"1280",14,28.6717071533203,50.2506408691406,1
2018-12-22 17:45:32,"1280",14,28.6717071533203,50.2506408691406,1
2018-12-22 17:50:40,"1280",17,28.6836547851562,50.2453842163086,1
2018-12-22 17:50:51,"1280",14,28.6836547851562,50.2453842163086,1
2018-12-22 18:15:54,"1280",14,28.6856136322021,50.2652168273926,1
2018-12-22 18:23:07,"1280",14,28.6652317047119,50.2571029663086,1
2018-12-22 19:20:05,"1280",14,28.6738471984863,50.2499237060547,1
2018-12-22 19:20:07,"1280",14,28.6738471984863,50.2499237060547,1
2018-12-22 19:34:09,"1280",14,28.7025737762451,50.2441062927246,1
2018-12-22 20:12:06,"1280",14,28.6517524719238,50.2616500854492,1
2018-12-22 20:12:08,"1280",14,28.6517524719238,50.2616500854492,1
2018-12-22 11:52:35,"078",14,28.6363430023193,50.2785263061523,1
2018-12-22 11:57:52,"078",14,28.6126842498779,50.2828102111816,1
2018-12-22 11:58:32,"078",14,28.6106700897217,50.2832298278809,1
2018-12-22 12:10:30,"078",14,28.6224803924561,50.2807655334473,1
2018-12-22 12:12:38,"078",17,28.6314888000488,50.2790870666504,1
2018-12-22 12:12:44,"078",14,28.6314888000488,50.2790870666504,1
2018-12-22 12:12:55,"078",14,28.6314888000488,50.2790870666504,1
2018-12-22 12:15:32,"078",14,28.6390228271484,50.2778053283691,1
2018-12-22 12:17:30,"078",14,28.643835067749,50.2769050598145,1
2018-12-22 12:17:32,"078",14,28.643835067749,50.2769050598145,1
2018-12-22 12:17:33,"078",14,28.643835067749,50.2769050598145,1
2018-12-22 12:17:37,"078",14,28.643835067749,50.2769050598145,1
2018-12-22 12:17:39,"078",14,28.643835067749,50.2769050598145,1
2018-12-22 12:20:42,"078",14,28.648380279541,50.2685012817383,1
2018-12-22 12:36:16,"078",14,28.6672477722168,50.2530403137207,1
2018-12-22 10:15:17,"2290",14,28.6875324249268,50.2660064697266,1
2018-12-22 11:19:04,"2290",14,28.648796081543,50.2667617797852,1
2018-12-22 11:19:06,"2290",14,28.648796081543,50.2667617797852,1
2018-12-22 11:19:16,"2290",14,28.648796081543,50.2667617797852,1
2018-12-22 11:19:17,"2290",14,28.648796081543,50.2667617797852,1
2018-12-22 11:42:27,"2290",14,28.6239452362061,50.2805709838867,1
2018-12-22 12:06:29,"2290",14,28.6664257049561,50.2534561157227,1
2018-12-22 12:15:15,"2290",14,28.685619354248,50.2445411682129,1
2018-12-22 12:29:35,"2290",14,28.702808380127,50.2637176513672,1
2018-12-22 15:04:42,"2290",14,28.6333408355713,50.2789344787598,1
2018-12-22 15:12:59,"2290",14,28.6487350463867,50.2663383483887,1
2018-12-22 15:25:30,"2290",14,28.6722450256348,50.2505187988281,1
2018-12-22 15:25:43,"2290",14,28.6722450256348,50.2505187988281,1
2018-12-22 15:30:26,"2290",17,28.6854209899902,50.2444686889648,1
2018-12-22 15:30:30,"2290",17,28.6854209899902,50.2444686889648,1
2018-12-22 15:30:53,"2290",14,28.6854209899902,50.2444686889648,1
2018-12-22 15:41:02,"2290",14,28.703296661377,50.2486343383789,1
2018-12-22 15:46:19,"2290",14,28.7030391693115,50.2591514587402,1
2018-12-22 15:56:56,"2290",14,28.689281463623,50.2667503356934,1
2018-12-22 16:00:43,"2290",14,28.6822357177734,50.2637672424316,1
2018-12-22 16:14:41,"2290",17,28.6535472869873,50.2609252929688,1
2018-12-22 16:45:44,"2290",14,28.6355037689209,50.2785148620605,1
2018-12-22 16:47:13,"2290",17,28.6378078460693,50.278076171875,1
2018-12-22 06:23:22,"107",14,28.7031269073486,50.258903503418,1
2018-12-22 06:23:26,"107",14,28.7031269073486,50.258903503418,1
2018-12-22 06:58:59,"107",14,28.6310901641846,50.2794876098633,1
2018-12-22 07:21:22,"107",17,28.6250896453857,50.2803726196289,1
2018-12-22 07:21:30,"107",14,28.6250896453857,50.2803726196289,1
2018-12-22 07:23:29,"107",14,28.6342105865479,50.2787437438965,1
2018-12-22 07:26:09,"107",14,28.6460857391357,50.2761421203613,1
2018-12-22 12:39:20,"2290",14,28.6837177276611,50.264347076416,1
2018-12-22 12:39:22,"2290",14,28.6837177276611,50.264347076416,1
2018-12-22 13:24:01,"2290",14,28.6255836486816,50.2802543640137,1
2018-12-22 13:24:03,"2290",14,28.6255836486816,50.2802543640137,1
2018-12-22 13:27:45,"2290",14,28.641170501709,50.2775344848633,1
2018-12-22 13:27:47,"2290",14,28.641170501709,50.2775344848633,1
2018-12-22 13:48:18,"2290",14,28.6705055236816,50.2513198852539,1
2018-12-22 13:48:19,"2290",14,28.6705055236816,50.2513198852539,1
2018-12-22 09:32:46,"107",14,28.6884880065918,50.242733001709,1
2018-12-22 07:13:33,"537",14,28.6517944335938,50.2616348266602,1
2018-12-22 07:55:40,"537",14,28.6491260528564,50.2645072937012,1
2018-12-22 07:55:48,"537",14,28.6491260528564,50.2645072937012,1
2018-12-22 10:31:15,"537",14,28.6630764007568,50.2566299438477,1
2018-12-22 10:31:16,"537",14,28.6630764007568,50.2566299438477,1
2018-12-22 10:31:22,"537",17,28.6630764007568,50.2566299438477,1
2018-12-22 10:31:31,"537",14,28.6630764007568,50.2566299438477,1
2018-12-22 10:31:37,"537",14,28.6630764007568,50.2566299438477,1
2018-12-22 10:42:00,"537",14,28.6484241485596,50.2694854736328,1
2018-12-22 10:43:17,"537",14,28.6480445861816,50.2724418640137,1
2018-12-22 11:30:36,"537",14,28.668888092041,50.2521438598633,1
2018-12-22 11:46:22,"537",17,28.7024822235107,50.2422294616699,1
2018-12-22 11:56:35,"537",14,28.6993160247803,50.2666358947754,1
2018-12-22 11:56:47,"537",14,28.6993160247803,50.2666358947754,1
2018-12-22 11:56:49,"537",14,28.6993160247803,50.2666358947754,1
2018-12-22 12:12:51,"537",14,28.6695232391357,50.2582397460938,1
2018-12-22 12:13:01,"537",14,28.6695232391357,50.2582397460938,1
2018-12-22 12:13:09,"537",14,28.6695232391357,50.2582397460938,1
2018-12-22 16:50:56,"537",14,28.7024116516113,50.2424468994141,1
2018-12-22 16:51:31,"537",14,28.7025928497314,50.2439498901367,1
2018-12-22 17:03:17,"537",14,28.695556640625,50.2698783874512,1
2018-12-22 17:08:31,"537",14,28.6838626861572,50.2644195556641,1
2018-12-22 18:13:54,"537",14,28.6664257049561,50.2533874511719,1
2018-12-22 18:14:13,"537",14,28.6664257049561,50.2533874511719,1
2018-12-22 18:20:21,"537",14,28.6819896697998,50.2463645935059,1
2018-12-22 18:52:59,"537",14,28.6715621948242,50.259090423584,1
2018-12-22 18:53:10,"537",14,28.6715621948242,50.259090423584,1
2018-12-22 19:01:13,"537",14,28.6560955047607,50.2577896118164,1
2018-12-22 08:06:10,"1268",14,28.7023792266846,50.2425498962402,1
2018-12-22 08:06:22,"1268",14,28.7023792266846,50.2425498962402,1
2018-12-22 08:08:29,"1268",14,28.703311920166,50.2491645812988,1
2018-12-22 08:08:37,"1268",14,28.703311920166,50.2491645812988,1
2018-12-22 08:08:44,"1268",14,28.703332901001,50.2506484985352,1
2018-12-22 08:17:55,"1268",14,28.6962451934814,50.2695465087891,1
2018-12-22 08:18:13,"1268",14,28.6958065032959,50.2698593139648,1
2018-12-22 08:28:06,"1268",14,28.6717662811279,50.2591857910156,1
2018-12-22 09:07:26,"1268",14,28.6120662689209,50.2826919555664,1
2018-12-22 09:26:31,"1268",25,28.6598377227783,50.2570190429688,1
2018-12-22 09:26:31,"1268",27,28.6598377227783,50.2570190429688,1
2018-12-22 09:28:50,"1268",14,28.6616153717041,50.2539138793945,1
2018-12-22 09:29:04,"1268",14,28.6617279052734,50.2538604736328,1
2018-12-22 09:30:26,"1268",14,28.6684017181396,50.2523765563965,1
2018-12-22 09:31:08,"1268",17,28.6693553924561,50.2518615722656,1
2018-12-22 11:22:05,"1268",14,28.6885566711426,50.2428131103516,1
2018-12-22 11:24:06,"1268",14,28.6960105895996,50.2379302978516,1
2018-12-22 11:28:41,"1268",14,28.7025947570801,50.243408203125,1
2018-12-22 11:28:42,"1268",14,28.7025947570801,50.243408203125,1
2018-12-22 11:33:50,"1268",14,28.7032871246338,50.2528457641602,1
2018-12-22 11:33:55,"1268",17,28.7032871246338,50.2528457641602,1
2018-12-22 11:45:24,"1268",14,28.689640045166,50.2668685913086,1
2018-12-22 11:54:44,"1268",14,28.6664962768555,50.2572364807129,1
2018-12-22 12:02:11,"1268",17,28.6525001525879,50.2613525390625,1
2018-12-22 12:02:17,"1268",14,28.6525001525879,50.2613525390625,1
2018-12-22 12:02:22,"1268",14,28.6525001525879,50.2613525390625,1
2018-12-22 12:14:36,"1268",14,28.632287979126,50.2792816162109,1
2018-12-22 12:14:37,"1268",14,28.632287979126,50.2792816162109,1
2018-12-22 12:30:55,"1268",14,28.6250648498535,50.2803688049316,1
2018-12-22 15:32:00,"1268",14,28.6394348144531,50.2779197692871,1
2018-12-22 15:47:59,"1268",14,28.604736328125,50.2840385437012,1
2018-12-22 16:16:39,"1268",14,28.6717643737793,50.2506370544434,1
2018-12-22 16:16:44,"1268",14,28.6717643737793,50.2506370544434,1
2018-12-22 16:16:53,"1268",14,28.6717643737793,50.2506370544434,1
2018-12-22 16:17:10,"1268",14,28.6738262176514,50.2498817443848,1
2018-12-22 16:17:19,"1268",14,28.6738262176514,50.2498817443848,1
2018-12-22 16:17:27,"1268",14,28.6738262176514,50.2498817443848,1
2018-12-22 16:19:12,"1268",14,28.6785697937012,50.2481460571289,1
2018-12-22 16:19:14,"1268",14,28.6785697937012,50.2481460571289,1
2018-12-22 16:21:28,"1268",14,28.6841907501221,50.2450714111328,1
2018-12-22 08:42:06,"537",14,28.6757755279541,50.2609596252441,1
2018-12-22 08:42:14,"537",14,28.6757755279541,50.2609596252441,1
2018-12-22 08:42:21,"537",14,28.6757755279541,50.2609596252441,1
2018-12-22 09:23:25,"537",14,28.6085662841797,50.2833061218262,1
2018-12-22 09:26:24,"537",14,28.6198444366455,50.2812843322754,1
2018-12-22 09:26:43,"537",14,28.6198444366455,50.2812843322754,1
2018-12-22 10:04:43,"537",14,28.7020359039307,50.2395324707031,1
2018-12-22 10:13:16,"537",14,28.7031326293945,50.2586135864258,1
2018-12-22 10:21:58,"537",14,28.683780670166,50.2644157409668,1
2018-12-22 12:50:07,"537",14,28.6190299987793,50.2815246582031,1
2018-12-22 12:54:23,"537",17,28.6369209289551,50.2782669067383,1
2018-12-22 12:54:42,"537",14,28.6391506195068,50.277889251709,1
2018-12-22 13:04:29,"537",14,28.6537704467773,50.2607116699219,1
2018-12-22 13:04:45,"537",14,28.6537704467773,50.2607116699219,1
2018-12-22 13:27:47,"537",14,28.6883907318115,50.2428016662598,1
2018-12-22 13:34:11,"537",14,28.7022838592529,50.2422866821289,1
2018-12-22 13:34:21,"537",17,28.7022838592529,50.2422866821289,1
2018-12-22 13:34:29,"537",17,28.7022838592529,50.2422866821289,1
2018-12-22 13:51:38,"537",14,28.6895236968994,50.2668762207031,1
2018-12-22 13:51:44,"537",14,28.6895236968994,50.2668762207031,1
2018-12-22 14:00:49,"537",14,28.6703147888184,50.2585563659668,1
2018-12-22 14:06:58,"537",14,28.6575088500977,50.256404876709,1
2018-12-22 14:07:04,"537",14,28.6575088500977,50.256404876709,1
2018-12-22 14:07:06,"537",14,28.6575088500977,50.256404876709,1
2018-12-22 14:07:25,"537",14,28.6575088500977,50.256404876709,1
2018-12-22 19:06:18,"537",14,28.6487255096436,50.2675743103027,1
2018-12-22 19:06:30,"537",14,28.6487255096436,50.2675743103027,1
2018-12-22 19:28:06,"537",17,28.6019115447998,50.2845649719238,1
2018-12-22 20:03:41,"537",14,28.6880207061768,50.2430419921875,1
2018-12-22 20:03:47,"537",14,28.6880207061768,50.2430419921875,1
2018-12-22 20:03:57,"537",14,28.6880207061768,50.2430419921875,1
2018-12-22 20:10:42,"537",14,28.7024574279785,50.2431221008301,1
2018-12-22 20:10:43,"537",14,28.7024574279785,50.2431221008301,1
2018-12-22 20:17:52,"537",14,28.703218460083,50.2583427429199,1
2018-12-22 20:17:54,"537",14,28.703218460083,50.2583427429199,1
2018-12-22 20:17:56,"537",14,28.703218460083,50.2583427429199,1
2018-12-22 20:30:48,"537",14,28.6793804168701,50.2624549865723,1
2018-12-22 20:40:45,"537",14,28.6573486328125,50.2563934326172,1
2018-12-22 21:18:02,"537",14,28.6200561523438,50.2812461853027,1
2018-12-22 21:25:09,"537",14,28.6429042816162,50.2771873474121,1
2018-12-22 09:38:36,"1268",14,28.6872539520264,50.243480682373,1
2018-12-22 09:40:00,"1268",14,28.6914958953857,50.2406806945801,1
2018-12-22 09:40:03,"1268",17,28.6914958953857,50.2406806945801,1
2018-12-22 09:48:01,"1268",14,28.7033500671387,50.2492904663086,1
2018-12-22 09:56:01,"1268",14,28.6964473724365,50.2693748474121,1
2018-12-22 09:56:22,"1268",14,28.6964473724365,50.2693748474121,1
2018-12-22 10:08:09,"1268",14,28.6670341491699,50.2573661804199,1
2018-12-22 10:08:27,"1268",14,28.6670341491699,50.2573661804199,1
2018-12-22 10:14:33,"1268",14,28.6580066680908,50.2565460205078,1
2018-12-22 10:46:29,"1268",14,28.6087303161621,50.2833366394043,1
2018-12-22 10:51:16,"1268",14,28.6266860961914,50.2801094055176,1
2018-12-22 10:51:21,"1268",17,28.6266860961914,50.2801094055176,1
2018-12-22 10:55:30,"1268",14,28.6419849395752,50.2773971557617,1
2018-12-22 10:55:35,"1268",14,28.6419849395752,50.2773971557617,1
2018-12-22 11:04:06,"1268",14,28.6524181365967,50.261344909668,1
2018-12-22 11:04:07,"1268",14,28.6524181365967,50.261344909668,1
2018-12-22 14:10:03,"1268",14,28.606876373291,50.2836570739746,1
2018-12-22 14:10:11,"1268",14,28.606876373291,50.2836570739746,1
2018-12-22 14:12:13,"1268",14,28.616418838501,50.2819290161133,1
2018-12-22 14:12:21,"1268",14,28.616418838501,50.2819290161133,1
2018-12-22 14:13:24,"1268",14,28.6208171844482,50.2811126708984,1
2018-12-22 14:13:41,"1268",14,28.622989654541,50.2807235717773,1
2018-12-22 14:14:01,"1268",14,28.62522315979,50.2803268432617,1
2018-12-22 14:14:16,"1268",14,28.62522315979,50.2803268432617,1
2018-12-22 14:17:36,"1268",14,28.6367683410645,50.2783126831055,1
2018-12-22 14:21:48,"1268",17,28.6483364105225,50.2691268920898,1
2018-12-22 14:36:15,"1268",17,28.6723346710205,50.2505874633789,1
2018-12-22 14:37:48,"1268",14,28.6753921508789,50.2495613098145,1
2018-12-22 14:46:29,"1268",14,28.6994857788086,50.2379035949707,1
2018-12-22 14:53:38,"1268",14,28.7032375335693,50.2527236938477,1
2018-12-22 15:19:16,"1268",14,28.6579608917236,50.2565803527832,1
2018-12-22 15:20:39,"1268",14,28.6559886932373,50.2578468322754,1
2018-12-22 15:20:46,"1268",14,28.6559886932373,50.2578468322754,1
2018-12-22 11:25:18,"086",14,28.6247310638428,50.2804527282715,1
2018-12-22 11:32:09,"086",14,28.6479244232178,50.2727966308594,1
2018-12-22 11:32:20,"086",14,28.6479244232178,50.2727966308594,1
2018-12-22 11:37:12,"086",14,28.6509170532227,50.2620506286621,1
2018-12-22 11:37:13,"086",14,28.6509170532227,50.2620506286621,1
2018-12-22 12:06:12,"086",14,28.703275680542,50.2517776489258,1
2018-12-22 12:19:35,"086",14,28.6835556030273,50.2642555236816,1
2018-12-22 12:29:36,"086",14,28.6657257080078,50.2571792602539,1
2018-12-22 12:32:59,"086",26,28.6592273712158,50.2569046020508,1
2018-12-22 12:34:23,"086",14,28.6576251983643,50.2563934326172,1
2018-12-22 12:34:44,"086",14,28.6576251983643,50.2563934326172,1
2018-12-22 12:35:47,"086",14,28.6560707092285,50.2578773498535,1
2018-12-22 16:48:28,"086",14,28.6676368713379,50.2526626586914,1
2018-12-22 16:51:03,"086",14,28.673023223877,50.2500648498535,1
2018-12-22 16:52:21,"086",14,28.6760330200195,50.2490653991699,1
2018-12-22 17:11:28,"086",14,28.7031116485596,50.2581024169922,1
2018-12-22 17:13:31,"086",14,28.7024250030518,50.2641868591309,1
2018-12-22 17:17:41,"086",14,28.6944026947021,50.2691841125488,1
2018-12-22 17:17:42,"086",14,28.6944026947021,50.2691841125488,1
2018-12-22 17:21:51,"086",14,28.6856899261475,50.265251159668,1
2018-12-22 17:23:20,"086",14,28.6828536987305,50.2640151977539,1
2018-12-22 17:23:29,"086",14,28.6823387145996,50.263786315918,1
2018-12-22 17:24:31,"086",14,28.6799564361572,50.262809753418,1
2018-12-22 17:30:27,"086",14,28.6637153625488,50.2567901611328,1
2018-12-22 17:31:10,"086",14,28.6629791259766,50.2566146850586,1
2018-12-22 17:31:15,"086",14,28.6629791259766,50.2566146850586,1
2018-12-22 17:39:32,"086",17,28.6495342254639,50.2638816833496,1
2018-12-22 17:48:23,"086",14,28.6338729858398,50.2789192199707,1
2018-12-22 10:25:58,"086",14,28.7031555175781,50.2588043212891,1
2018-12-22 10:26:10,"086",14,28.7031555175781,50.2588043212891,1
2018-12-22 10:28:55,"086",17,28.6996326446533,50.2663803100586,1
2018-12-22 10:36:36,"086",17,28.6857757568359,50.2652931213379,1
2018-12-22 10:48:32,"086",14,28.6608333587646,50.2559814453125,1
2018-12-22 10:48:39,"086",14,28.6608333587646,50.2559814453125,1
2018-12-22 10:52:37,"086",14,28.6565341949463,50.2572708129883,1
2018-12-22 10:52:39,"086",14,28.6565341949463,50.2572708129883,1
2018-12-22 10:52:46,"086",17,28.6565341949463,50.2572708129883,1
2018-12-22 11:23:46,"086",17,28.6185855865479,50.281566619873,1
2018-12-22 13:40:24,"086",14,28.6851024627686,50.2447967529297,1
2018-12-22 13:40:25,"086",14,28.6851024627686,50.2447967529297,1
2018-12-22 13:40:31,"086",17,28.6851024627686,50.2447967529297,1
2018-12-22 13:44:37,"086",14,28.6969909667969,50.2376441955566,1
2018-12-22 13:59:38,"086",17,28.6967658996582,50.2691917419434,1
2018-12-22 14:07:28,"086",14,28.6816501617432,50.263427734375,1
2018-12-22 14:07:34,"086",14,28.6816501617432,50.263427734375,1
2018-12-22 16:27:54,"086",14,28.6841506958008,50.2646026611328,1
2018-12-22 19:51:18,"086",14,28.6254615783691,50.2802696228027,1
2018-12-22 20:45:03,"086",14,28.6823291778564,50.2637710571289,1
2018-12-22 20:45:04,"086",14,28.6823291778564,50.2637710571289,1
2018-12-22 20:50:25,"086",14,28.6639060974121,50.2568778991699,1
2018-12-22 20:52:02,"086",14,28.6604232788086,50.2563285827637,1
2018-12-22 20:52:25,"086",14,28.6599922180176,50.2569465637207,1
2018-12-22 21:21:41,"086",14,28.6540241241455,50.2603225708008,1
2018-12-22 21:37:20,"086",14,28.6894702911377,50.2420959472656,1
2018-12-22 21:37:21,"086",14,28.6894702911377,50.2420959472656,1
2018-12-22 21:48:55,"086",26,28.7060699462891,50.2531776428223,0
2018-12-22 21:48:56,"086",2,28.7060699462891,50.2531776428223,0
2018-12-22 15:57:24,"093",17,28.6580219268799,50.2739906311035,0
2018-12-22 15:30:37,"1050",14,28.7018013000488,50.2379913330078,1
2018-12-22 15:36:31,"1050",14,28.7033500671387,50.2515983581543,1
2018-12-22 15:36:53,"1050",14,28.7033615112305,50.2524261474609,1
2018-12-22 15:36:55,"1050",14,28.7033615112305,50.2524261474609,1
2018-12-22 15:50:32,"1050",14,28.6842708587646,50.2647399902344,1
2018-12-22 15:50:52,"1050",14,28.6831722259521,50.2641716003418,1
2018-12-22 15:50:54,"1050",14,28.6831722259521,50.2641716003418,1
2018-12-22 15:51:15,"1050",14,28.6825332641602,50.2638511657715,1
2018-12-22 15:51:17,"1050",14,28.6825332641602,50.2638511657715,1
2018-12-22 15:57:07,"1050",14,28.6675395965576,50.2574462890625,1
2018-12-22 16:04:26,"1050",17,28.6559257507324,50.2578506469727,1
2018-12-22 16:04:34,"1050",14,28.6559257507324,50.2578506469727,1
2018-12-22 16:16:47,"1050",14,28.6347770690918,50.2787780761719,1
2018-12-22 18:24:02,"1050",14,28.6791725158691,50.262508392334,1
2018-12-22 18:24:06,"1050",14,28.6791725158691,50.262508392334,1
2018-12-22 18:34:36,"1050",14,28.6597423553467,50.2569885253906,1
2018-12-22 18:36:28,"1050",14,28.6610298156738,50.2549247741699,1
2018-12-22 06:17:48,"1280",14,28.7026710510254,50.2639045715332,1
2018-12-22 06:19:33,"1280",14,28.6973457336426,50.2681159973145,1
2018-12-22 06:27:05,"1280",17,28.6818809509277,50.2636795043945,1
2018-12-22 16:06:21,"1280",14,28.6751728057861,50.2494964599609,1
2018-12-22 16:12:26,"1280",14,28.6920413970947,50.2402610778809,1
2018-12-22 16:34:05,"1280",14,28.6896533966064,50.2668228149414,1
2018-12-22 16:49:26,"1280",14,28.6574573516846,50.2563896179199,1
2018-12-22 17:00:33,"1280",14,28.6452941894531,50.2766799926758,1
2018-12-22 17:04:56,"1280",14,28.63108253479,50.279483795166,1
2018-12-22 17:24:32,"1280",14,28.6310157775879,50.2793121337891,1
2018-12-22 06:58:13,"2288",14,28.6543445587158,50.2598686218262,1
2018-12-22 07:45:15,"2288",14,28.6708736419678,50.2588005065918,1
2018-12-22 08:26:43,"2288",14,28.6193771362305,50.2813911437988,1
2018-12-22 08:27:11,"2288",14,28.6204509735107,50.2811889648438,1
2018-12-22 06:00:24,"2288",14,28.6809902191162,50.2632369995117,1
2018-12-22 06:03:09,"2288",14,28.6734981536865,50.2600326538086,1
2018-12-22 06:16:26,"2288",14,28.6485557556152,50.268798828125,1
2018-12-22 08:42:45,"2288",14,28.6550827026367,50.2590217590332,1
2018-12-22 08:43:02,"2288",14,28.6558685302734,50.2580642700195,1
2018-12-22 08:47:59,"2288",17,28.6610145568848,50.2552108764648,1
2018-12-22 08:48:15,"2288",14,28.6610145568848,50.2552108764648,1
2018-12-22 09:00:25,"2288",14,28.6881980895996,50.242919921875,1
2018-12-22 06:14:36,"1050",14,28.6092052459717,50.2834014892578,1
2018-12-22 06:33:43,"1050",14,28.6438865661621,50.2769775390625,1
2018-12-22 07:19:34,"1050",14,28.6967182159424,50.2692184448242,1
2018-12-22 07:30:09,"1050",14,28.6700401306152,50.2585372924805,1
2018-12-22 07:41:58,"1050",14,28.6489448547363,50.2657775878906,1
2018-12-22 07:48:44,"1050",14,28.6386165618896,50.2781181335449,1
2018-12-22 08:07:21,"1050",14,28.6146831512451,50.2822875976562,1
2018-12-22 08:11:01,"1050",14,28.6313056945801,50.2792358398438,1
2018-12-22 08:11:06,"1050",17,28.6313056945801,50.2792358398438,1
2018-12-22 08:11:33,"1050",14,28.6325588226318,50.2790260314941,1
2018-12-22 08:18:47,"1050",14,28.6485652923584,50.2673568725586,1
2018-12-22 08:18:54,"1050",14,28.6485652923584,50.2673568725586,1
2018-12-22 08:19:01,"1050",14,28.6486377716064,50.2668647766113,1
2018-12-22 10:23:31,"1050",14,28.6905498504639,50.2413635253906,1
2018-12-22 14:20:16,"1050",14,28.6666107177734,50.2569351196289,1
2018-12-22 14:28:37,"1050",14,28.651725769043,50.2616920471191,1
2018-12-22 15:01:19,"1050",14,28.6463260650635,50.275936126709,1
2018-12-22 15:20:15,"1050",14,28.6753406524658,50.2493438720703,1
2018-12-22 08:34:37,"1050",14,28.6749820709229,50.2495346069336,1
2018-12-22 08:44:37,"1050",14,28.7012271881104,50.2379264831543,1
2018-12-22 08:54:18,"1050",14,28.7031345367432,50.2597465515137,1
2018-12-22 08:59:57,"1050",14,28.6941719055176,50.2689476013184,1
2018-12-22 09:02:50,"1050",14,28.6896057128906,50.266845703125,1
2018-12-22 09:04:18,"1050",14,28.6852169036865,50.2650337219238,1
2018-12-22 09:45:22,"1050",14,28.6050434112549,50.2839851379395,1
2018-12-22 09:48:54,"1050",14,28.6152153015137,50.2821617126465,1
2018-12-22 09:48:56,"1050",14,28.6152153015137,50.2821617126465,1
2018-12-22 09:57:06,"1050",14,28.6426448822021,50.2772407531738,1
2018-12-22 10:03:13,"1050",17,28.6496849060059,50.2633628845215,1
2018-12-22 10:03:32,"1050",14,28.6496849060059,50.2633628845215,1
2018-12-22 18:41:40,"1050",14,28.6695594787598,50.2517166137695,1
2018-12-22 18:41:42,"1050",14,28.6695594787598,50.2517166137695,1
2018-12-22 18:43:30,"1050",17,28.673942565918,50.2498741149902,1
2018-12-22 18:44:25,"1050",14,28.6756153106689,50.2493095397949,1
2018-12-22 19:03:47,"1050",26,28.7032852172852,50.2532577514648,1
2018-12-22 07:33:51,"1270",14,28.6905403137207,50.2413902282715,1
2018-12-22 07:39:16,"1270",17,28.7023887634277,50.2426681518555,1
2018-12-22 07:49:04,"1270",14,28.6991806030273,50.2666244506836,1
2018-12-22 08:24:08,"1270",14,28.6324214935303,50.2792167663574,1
2018-12-22 08:40:18,"1270",14,28.6039409637451,50.2842025756836,1
2018-12-22 08:40:29,"1270",14,28.6039409637451,50.2842025756836,1
2018-12-22 08:40:31,"1270",14,28.6039409637451,50.2842025756836,1
2018-12-22 08:44:38,"1270",14,28.6196880340576,50.2813339233398,1
2018-12-22 08:45:25,"1270",14,28.6262950897217,50.2801399230957,1
2018-12-22 08:45:26,"1270",14,28.6262950897217,50.2801399230957,1
2018-12-22 09:17:01,"1280",14,28.6713371276855,50.2508163452148,1
2018-12-22 09:17:05,"1280",14,28.6713371276855,50.2508163452148,1
2018-12-22 09:24:24,"1280",14,28.6901187896729,50.241641998291,1
2018-12-22 10:03:43,"1280",14,28.6488208770752,50.2666893005371,1
2018-12-22 10:03:53,"1280",14,28.6488208770752,50.2666893005371,1
2018-12-22 10:39:06,"1280",14,28.6447658538818,50.2767715454102,1
2018-12-22 10:46:53,"1280",14,28.6546611785889,50.2597846984863,1
2018-12-22 10:55:23,"1280",14,28.6664867401123,50.2534141540527,1
2018-12-22 10:55:44,"1280",14,28.6664867401123,50.2534141540527,1
2018-12-22 10:55:45,"1280",14,28.6664867401123,50.2534141540527,1
2018-12-22 13:54:15,"1280",14,28.6163635253906,50.2819328308105,1
2018-12-22 14:23:28,"1280",14,28.6787071228027,50.2481498718262,1
2018-12-22 14:34:30,"1280",14,28.7027549743652,50.2453422546387,1
2018-12-22 14:45:47,"1280",14,28.6974143981934,50.2680511474609,1
2018-12-22 14:46:13,"1280",17,28.6974296569824,50.2686309814453,1
2018-12-22 14:55:11,"1280",14,28.680570602417,50.2630348205566,1
2018-12-22 14:56:19,"1280",32,28.6754493713379,50.2608642578125,1
2018-12-22 14:57:50,"1280",14,28.672758102417,50.2596778869629,1
2018-12-22 15:36:50,"1280",14,28.6238632202148,50.280590057373,1
2018-12-22 06:48:25,"1280",21,28.6395702362061,50.2779808044434,1
2018-12-22 06:49:04,"1280",14,28.6373653411865,50.2783355712891,1
2018-12-22 06:51:51,"1280",14,28.6282558441162,50.279956817627,1
2018-12-22 06:51:52,"1280",14,28.6282558441162,50.279956817627,1
2018-12-22 06:59:04,"1280",1,28.5969524383545,50.2855644226074,1
2018-12-22 07:26:29,"1280",14,28.6547660827637,50.2593994140625,1
2018-12-22 07:40:40,"1280",14,28.6823711395264,50.2462196350098,1
2018-12-22 07:40:50,"1280",14,28.6823711395264,50.2462196350098,1
2018-12-22 07:46:07,"1280",14,28.6962127685547,50.2377395629883,1
2018-12-22 09:02:10,"1280",14,28.6491146087646,50.264762878418,1
2018-12-22 09:02:27,"1280",14,28.6491146087646,50.264762878418,1
2018-12-22 09:02:59,"1280",14,28.6497344970703,50.2633094787598,1
2018-12-22 09:03:00,"1280",14,28.6497344970703,50.2633094787598,1
2018-12-22 09:03:06,"1280",14,28.6497344970703,50.2633094787598,1
2018-12-22 11:29:46,"1280",14,28.6791400909424,50.2624206542969,1
2018-12-22 12:27:23,"1280",14,28.6522121429443,50.2613563537598,1
2018-12-22 13:12:23,"1280",14,28.6811008453369,50.2633094787598,1
2018-12-22 17:50:28,"1280",14,28.6819629669189,50.2463340759277,1
2018-12-22 17:51:55,"1280",14,28.685396194458,50.2444267272949,1
2018-12-22 17:53:20,"1280",14,28.6888751983643,50.2423439025879,1
2018-12-22 17:54:46,"1280",14,28.6954383850098,50.238109588623,1
2018-12-22 17:54:58,"1280",14,28.6954383850098,50.238109588623,1
2018-12-22 18:22:45,"1280",14,28.6679801940918,50.2576446533203,1
2018-12-22 19:06:57,"1280",14,28.6488056182861,50.2653846740723,1
2018-12-22 19:58:50,"1280",14,28.6677703857422,50.2575073242188,1
2018-12-22 20:12:51,"1280",14,28.6490306854248,50.2652015686035,1
2018-12-22 10:35:42,"078",25,28.6940994262695,50.2689437866211,1
2018-12-22 10:35:42,"078",24,28.6940994262695,50.2689437866211,1
2018-12-22 10:35:42,"078",27,28.6940994262695,50.2689437866211,1
2018-12-22 10:35:42,"078",28,28.6940994262695,50.2689437866211,1
2018-12-22 10:35:45,"078",14,28.6940994262695,50.2689437866211,1
2018-12-22 10:37:58,"078",14,28.688720703125,50.2665405273438,1
2018-12-22 10:40:44,"078",14,28.6815738677979,50.2635269165039,1
2018-12-22 10:40:55,"078",14,28.6815738677979,50.2635269165039,1
2018-12-22 10:54:32,"078",14,28.6703701019287,50.2513771057129,1
2018-12-22 10:54:35,"078",17,28.6703701019287,50.2513771057129,1
2018-12-22 10:56:43,"078",14,28.6753520965576,50.2495079040527,1
2018-12-22 11:09:58,"078",14,28.7030506134033,50.2470855712891,1
2018-12-22 11:45:48,"078",14,28.6488704681396,50.2666320800781,1
2018-12-22 12:09:45,"078",17,28.6190929412842,50.2813568115234,1
2018-12-22 11:24:02,"078",14,28.6887702941895,50.2665977478027,1
2018-12-22 11:30:08,"078",14,28.6741981506348,50.2602844238281,1
2018-12-22 12:09:48,"078",14,28.6190929412842,50.2813568115234,1
2018-12-22 12:09:49,"078",17,28.6190929412842,50.2813568115234,1
2018-12-22 12:10:00,"078",14,28.6190929412842,50.2813568115234,1
2018-12-22 12:14:25,"078",14,28.6365261077881,50.2782135009766,1
2018-12-22 12:14:51,"078",14,28.6368083953857,50.2781562805176,1
2018-12-22 12:15:01,"078",14,28.6368083953857,50.2781562805176,1
2018-12-22 12:15:04,"078",14,28.6368083953857,50.2781562805176,1
2018-12-22 12:15:08,"078",14,28.6368083953857,50.2781562805176,1
2018-12-22 12:15:08,"078",17,28.6368083953857,50.2781562805176,1
2018-12-22 12:15:18,"078",14,28.6368083953857,50.2781562805176,1
2018-12-22 12:20:25,"078",17,28.648265838623,50.2691116333008,1
2018-12-22 07:27:36,"107",14,28.6481056213379,50.2704887390137,1
2018-12-22 07:39:55,"107",17,28.662260055542,50.2537689208984,1
2018-12-22 07:48:28,"107",14,28.6850147247314,50.2447319030762,1
2018-12-22 07:52:48,"107",14,28.6965065002441,50.2376747131348,1
2018-12-22 07:56:59,"107",14,28.7028903961182,50.2456741333008,1
2018-12-22 08:05:03,"107",17,28.7002563476562,50.2659454345703,1
2018-12-22 12:43:44,"2290",17,28.6732654571533,50.2597923278809,1
2018-12-22 08:07:37,"107",14,28.6965465545654,50.269359588623,1
2018-12-22 14:01:56,"2290",17,28.7032718658447,50.2485046386719,1
2018-12-22 14:02:08,"2290",14,28.7032718658447,50.2485046386719,1
2018-12-22 14:07:38,"2290",14,28.7030754089355,50.2590637207031,1
2018-12-22 08:15:01,"107",14,28.6755065917969,50.2608337402344,1
2018-12-22 14:07:45,"2290",14,28.7030754089355,50.2590637207031,1
2018-12-22 14:16:03,"2290",14,28.6877307891846,50.2660713195801,1
2018-12-22 14:16:12,"2290",14,28.6877307891846,50.2660713195801,1
2018-12-22 14:26:24,"2290",14,28.6644191741943,50.2568664550781,1
2018-12-22 14:26:36,"2290",14,28.6644191741943,50.2568664550781,1
2018-12-22 14:31:04,"2290",14,28.6574325561523,50.256420135498,1
2018-12-22 14:31:19,"2290",14,28.6574325561523,50.256420135498,1
2018-12-22 14:33:16,"2290",14,28.6550369262695,50.2591667175293,1
2018-12-22 08:35:37,"107",17,28.6392631530762,50.2779808044434,1
2018-12-22 14:34:20,"2290",14,28.653678894043,50.2608985900879,1
2018-12-22 14:34:30,"2290",14,28.653678894043,50.2608985900879,1
2018-12-22 14:34:42,"2290",14,28.653678894043,50.2608985900879,1
2018-12-22 10:21:39,"2290",14,28.6682186126709,50.2576942443848,1
2018-12-22 10:30:22,"2290",14,28.6725997924805,50.2504653930664,1
2018-12-22 10:43:52,"2290",14,28.7026653289795,50.244026184082,1
2018-12-22 10:58:09,"2290",14,28.6910839080811,50.2675476074219,1
2018-12-22 11:00:19,"2290",14,28.6833152770996,50.2642593383789,1
2018-12-22 11:00:28,"2290",14,28.6833152770996,50.2642593383789,1
2018-12-22 11:01:44,"2290",14,28.6813507080078,50.2634162902832,1
2018-12-22 11:05:08,"2290",14,28.6716461181641,50.2592010498047,1
2018-12-22 11:07:14,"2290",14,28.66774559021,50.2575569152832,1
2018-12-22 11:27:23,"2290",14,28.6320552825928,50.2792320251465,1
2018-12-22 11:55:51,"2290",17,28.6491661071777,50.2648239135742,1
2018-12-22 12:15:20,"2290",17,28.687313079834,50.2434997558594,1
2018-12-22 12:16:44,"2290",14,28.6916522979736,50.240592956543,1
2018-12-22 12:28:47,"2290",14,28.7030601501465,50.2598457336426,1
2018-12-22 09:02:25,"107",14,28.6205406188965,50.2811660766602,1
2018-12-22 12:29:01,"2290",14,28.7030601501465,50.2598457336426,1
2018-12-22 12:29:57,"2290",14,28.701847076416,50.2647514343262,1
2018-12-22 12:30:09,"2290",14,28.701847076416,50.2647514343262,1
2018-12-22 12:30:10,"2290",14,28.701847076416,50.2647514343262,1
2018-12-22 17:00:06,"2290",14,28.6597747802734,50.2570304870605,1
2018-12-22 09:02:28,"107",17,28.6205406188965,50.2811660766602,1
2018-12-22 09:14:12,"107",14,28.6500015258789,50.262622833252,1
2018-12-22 06:50:47,"107",14,28.6484355926514,50.269344329834,1
2018-12-22 07:16:31,"107",14,28.6031017303467,50.2843551635742,1
2018-12-22 07:17:11,"107",14,28.6068687438965,50.2836647033691,1
2018-12-22 07:19:42,"107",14,28.6181049346924,50.2816467285156,1
2018-12-22 07:21:17,"107",14,28.6241874694824,50.2805366516113,1
2018-12-22 07:10:07,"537",14,28.6573829650879,50.2563552856445,1
2018-12-22 07:10:11,"537",14,28.6573829650879,50.2563552856445,1
2018-12-22 07:10:17,"537",14,28.6573829650879,50.2563552856445,1
2018-12-22 07:41:17,"537",14,28.6086502075195,50.2833251953125,1
2018-12-22 07:47:48,"537",14,28.6380043029785,50.2780570983887,1
2018-12-22 07:47:57,"537",14,28.6380043029785,50.2780570983887,1
2018-12-22 07:48:04,"537",14,28.6380043029785,50.2780570983887,1
2018-12-22 07:51:35,"537",14,28.6478824615479,50.2723426818848,1
2018-12-22 10:49:12,"537",14,28.6306285858154,50.2795372009277,1
2018-12-22 10:49:34,"537",14,28.6306285858154,50.2795372009277,1
2018-12-22 10:49:40,"537",14,28.6306285858154,50.2795372009277,1
2018-12-22 11:05:25,"537",14,28.6196727752686,50.2814064025879,1
2018-12-22 11:10:41,"537",14,28.6418972015381,50.2773742675781,1
2018-12-22 11:10:49,"537",14,28.6418972015381,50.2773742675781,1
2018-12-22 11:11:00,"537",14,28.6418972015381,50.2773742675781,1
2018-12-22 11:19:44,"537",14,28.6537857055664,50.2607460021973,1
2018-12-22 11:19:52,"537",14,28.6537857055664,50.2607460021973,1
2018-12-22 11:29:49,"537",14,28.6663761138916,50.2534599304199,1
2018-12-22 11:30:01,"537",14,28.6663761138916,50.2534599304199,1
2018-12-22 11:30:05,"537",14,28.6663761138916,50.2534599304199,1
2018-12-22 11:30:12,"537",17,28.6663761138916,50.2534599304199,1
2018-12-22 11:35:22,"537",14,28.6793537139893,50.2476234436035,1
2018-12-22 11:48:57,"537",14,28.7033004760742,50.2482948303223,1
2018-12-22 11:49:09,"537",17,28.7033004760742,50.2482948303223,1
2018-12-22 12:12:26,"537",14,28.6714668273926,50.2591094970703,1
2018-12-22 12:21:05,"537",14,28.656120300293,50.2578048706055,1
2018-12-22 12:21:17,"537",14,28.656120300293,50.2578048706055,1
2018-12-22 16:51:42,"537",14,28.7028102874756,50.2454566955566,1
2018-12-22 16:51:44,"537",14,28.7028102874756,50.2454566955566,1
2018-12-22 16:51:57,"537",14,28.7028102874756,50.2454566955566,1
2018-12-22 17:03:05,"537",14,28.6960773468018,50.2697410583496,1
2018-12-22 17:06:49,"537",14,28.6896343231201,50.2669143676758,1
2018-12-22 17:06:59,"537",14,28.6896343231201,50.2669143676758,1
2018-12-22 17:07:34,"537",14,28.6857738494873,50.2652587890625,1
2018-12-22 17:07:35,"537",14,28.6857738494873,50.2652587890625,1
2018-12-22 17:11:23,"537",14,28.6759853363037,50.2610321044922,1
2018-12-22 17:11:31,"537",17,28.6759853363037,50.2610321044922,1
2018-12-22 17:14:35,"537",17,28.6686096191406,50.2578086853027,1
2018-12-22 17:14:41,"537",14,28.6686096191406,50.2578086853027,1
2018-12-22 17:25:24,"537",14,28.6490459442139,50.2651290893555,1
2018-12-22 17:26:31,"537",17,28.6487483978271,50.2670364379883,1
2018-12-22 18:03:19,"537",14,28.6503391265869,50.2621688842773,1
2018-12-22 18:20:57,"537",14,28.6837387084961,50.2453498840332,1
2018-12-22 18:57:24,"537",14,28.6615924835205,50.2561645507812,1
2018-12-22 08:09:59,"537",14,28.6714916229248,50.2508850097656,1
2018-12-22 08:10:14,"537",14,28.6714916229248,50.2508850097656,1
2018-12-22 08:24:52,"537",14,28.7032260894775,50.2484245300293,1
2018-12-22 08:24:58,"537",14,28.7032260894775,50.2484245300293,1
2018-12-22 08:25:10,"537",14,28.7032260894775,50.2484245300293,1
2018-12-22 08:32:18,"537",14,28.6978054046631,50.2676696777344,1
2018-12-22 08:43:58,"537",14,28.6718158721924,50.2592697143555,1
2018-12-22 07:33:39,"1268",14,28.63818359375,50.2780456542969,1
2018-12-22 07:34:40,"1268",14,28.6434860229492,50.2770881652832,1
2018-12-22 08:18:35,"1268",14,28.6954746246338,50.2698860168457,1
2018-12-22 08:20:57,"1268",17,28.6914539337158,50.2677001953125,1
2018-12-22 08:21:02,"1268",16,28.6905651092529,50.2672500610352,1
2018-12-22 08:44:17,"537",14,28.6718158721924,50.2592697143555,1
2018-12-22 09:24:02,"537",14,28.6108665466309,50.2828979492188,1
2018-12-22 09:33:31,"537",14,28.6458606719971,50.2762832641602,1
2018-12-22 09:33:39,"537",14,28.6458606719971,50.2762832641602,1
2018-12-22 09:33:40,"537",14,28.6458606719971,50.2762832641602,1
2018-12-22 09:48:18,"537",14,28.6615009307861,50.2538833618164,1
2018-12-22 08:21:55,"1268",14,28.6867008209229,50.2656326293945,1
2018-12-22 08:22:05,"1268",14,28.6867008209229,50.2656326293945,1
2018-12-22 08:22:13,"1268",14,28.6867008209229,50.2656326293945,1
2018-12-22 08:22:46,"1268",14,28.6845092773438,50.2647514343262,1
2018-12-22 08:23:03,"1268",14,28.6845092773438,50.2647514343262,1
2018-12-22 09:57:38,"537",14,28.68505859375,50.2446937561035,1
2018-12-22 09:57:50,"537",32,28.68505859375,50.2446937561035,1
2018-12-22 09:58:04,"537",14,28.68505859375,50.2446937561035,1
2018-12-22 10:23:31,"537",32,28.6817245483398,50.263557434082,1
2018-12-22 08:26:45,"1268",14,28.6741256713867,50.2602424621582,1
2018-12-22 08:30:22,"1268",14,28.6653232574463,50.2570495605469,1
2018-12-22 10:23:50,"537",14,28.6817245483398,50.263557434082,1
2018-12-22 08:35:19,"1268",14,28.6575794219971,50.2564315795898,1
2018-12-22 12:57:54,"537",14,28.6478672027588,50.2726745605469,1
2018-12-22 08:42:53,"1268",14,28.6486015319824,50.2680778503418,1
2018-12-22 09:14:13,"1268",14,28.6411876678467,50.2774543762207,1
2018-12-22 09:14:17,"1268",14,28.6411876678467,50.2774543762207,1
2018-12-22 09:14:24,"1268",14,28.6411876678467,50.2774543762207,1
2018-12-22 09:14:45,"1268",14,28.6412715911865,50.2774543762207,1
2018-12-22 13:09:12,"537",14,28.6603813171387,50.256275177002,1
2018-12-22 13:16:05,"537",14,28.666576385498,50.2533950805664,1
2018-12-22 13:16:29,"537",14,28.6684036254883,50.2524490356445,1
2018-12-22 14:05:11,"537",14,28.6605777740479,50.2562370300293,1
2018-12-22 14:05:34,"537",14,28.6600227355957,50.2569618225098,1
2018-12-22 09:14:50,"1268",17,28.6412715911865,50.2774543762207,1
2018-12-22 09:15:01,"1268",14,28.6412715911865,50.2774543762207,1
2018-12-22 09:21:12,"1268",14,28.6499252319336,50.2628517150879,1
2018-12-22 14:05:38,"537",14,28.6600227355957,50.2569618225098,1
2018-12-22 14:32:13,"537",17,28.636589050293,50.2783546447754,1
2018-12-22 11:16:48,"1268",14,28.6773986816406,50.2487602233887,1
2018-12-22 11:17:03,"1268",14,28.6773986816406,50.2487602233887,1
2018-12-22 11:21:05,"1268",14,28.687442779541,50.2434959411621,1
2018-12-22 11:40:13,"1268",14,28.6987686157227,50.2669982910156,1
2018-12-22 11:45:52,"1268",14,28.6876754760742,50.266040802002,1
2018-12-22 11:59:12,"1268",14,28.6574592590332,50.2564086914062,1
2018-12-22 12:03:03,"1268",17,28.6495780944824,50.2638854980469,1
2018-12-22 12:03:16,"1268",14,28.6495780944824,50.2638854980469,1
2018-12-22 12:26:26,"1268",14,28.6067600250244,50.2836418151855,1
2018-12-22 20:19:12,"537",14,28.7030944824219,50.2597923278809,1
2018-12-22 20:31:11,"537",14,28.6774940490723,50.2615394592285,1
2018-12-22 20:31:30,"537",14,28.6774940490723,50.2615394592285,1
2018-12-22 20:33:31,"537",14,28.6711406707764,50.2589454650879,1
2018-12-22 20:33:39,"537",14,28.6711406707764,50.2589454650879,1
2018-12-22 20:33:41,"537",14,28.6711406707764,50.2589454650879,1
2018-12-22 21:16:05,"537",14,28.6132698059082,50.2824935913086,1
2018-12-22 21:16:18,"537",14,28.6132698059082,50.2824935913086,1
2018-12-22 21:18:56,"537",14,28.6267986297607,50.280086517334,1
2018-12-22 21:24:24,"537",14,28.6384258270264,50.2779846191406,1
2018-12-22 21:24:34,"537",14,28.6384258270264,50.2779846191406,1
2018-12-22 22:07:40,"537",26,28.7069854736328,50.2541084289551,0
2018-12-22 22:07:58,"537",2,28.7069854736328,50.2541084289551,0
2018-12-22 12:37:00,"1268",14,28.6452350616455,50.2765884399414,1
2018-12-22 15:33:51,"1268",14,28.6322708129883,50.2792167663574,1
2018-12-22 15:34:01,"1268",14,28.6322708129883,50.2792167663574,1
2018-12-22 15:34:20,"1268",14,28.6299724578857,50.279613494873,1
2018-12-22 16:05:36,"1268",14,28.65212059021,50.2614402770996,1
2018-12-22 16:05:37,"1268",14,28.65212059021,50.2614402770996,1
2018-12-22 16:06:00,"1268",14,28.6530609130859,50.2610321044922,1
2018-12-22 16:06:02,"1268",14,28.6530609130859,50.2610321044922,1
2018-12-22 16:06:18,"1268",14,28.6530609130859,50.2610321044922,1
2018-12-22 16:09:48,"1268",32,28.6596908569336,50.2570495605469,1
2018-12-22 16:12:01,"1268",17,28.6609401702881,50.2552146911621,1
2018-12-22 16:12:07,"1268",17,28.6609401702881,50.2552146911621,1
2018-12-22 16:15:26,"1268",14,28.6692657470703,50.2519035339355,1
2018-12-22 16:15:35,"1268",14,28.6692657470703,50.2519035339355,1
2018-12-22 16:15:37,"1268",14,28.6692657470703,50.2519035339355,1
2018-12-22 16:39:52,"1268",26,28.7069854736328,50.2546882629395,0
2018-12-22 09:36:14,"1268",14,28.6821346282959,50.2463073730469,1
2018-12-22 09:36:22,"1268",17,28.6821346282959,50.2463073730469,1
2018-12-22 09:38:16,"1268",17,28.6855049133301,50.244499206543,1
2018-12-22 09:40:23,"1268",14,28.6930465698242,50.2396240234375,1
2018-12-22 09:40:24,"1268",14,28.6930465698242,50.2396240234375,1
2018-12-22 09:48:52,"1268",14,28.7032737731934,50.2526016235352,1
2018-12-22 09:59:35,"1268",14,28.6913928985596,50.2676467895508,1
2018-12-22 09:59:42,"1268",14,28.6894454956055,50.2667846679688,1
2018-12-22 10:04:56,"1268",14,28.6730403900146,50.2597846984863,1
2018-12-22 10:11:26,"1268",14,28.6609363555908,50.2560195922852,1
2018-12-22 10:28:42,"1268",14,28.6359119415283,50.2786102294922,1
2018-12-22 10:56:20,"1268",14,28.6441402435303,50.2769393920898,1
2018-12-22 11:08:25,"1268",17,28.6596603393555,50.256950378418,1
2018-12-22 11:11:32,"1268",14,28.6614437103271,50.2542686462402,1
2018-12-22 14:09:38,"1268",14,28.6046619415283,50.2840194702148,1
2018-12-22 14:09:50,"1268",14,28.6046619415283,50.2840194702148,1
2018-12-22 14:14:27,"1268",14,28.6274757385254,50.2798843383789,1
2018-12-22 14:14:30,"1268",14,28.6274757385254,50.2798843383789,1
2018-12-22 14:14:33,"1268",14,28.6274757385254,50.2798843383789,1
2018-12-22 14:38:02,"1268",17,28.6763534545898,50.2491226196289,1
2018-12-22 14:46:18,"1268",14,28.6971912384033,50.2376365661621,1
2018-12-22 14:50:12,"1268",14,28.7026767730713,50.2450752258301,1
2018-12-22 15:09:22,"1268",14,28.6822166442871,50.2637748718262,1
2018-12-22 15:09:43,"1268",14,28.6822166442871,50.2637748718262,1
2018-12-22 11:29:11,"086",14,28.6395702362061,50.2778282165527,1
2018-12-22 14:34:47,"537",14,28.643367767334,50.2770919799805,1
2018-12-22 11:32:28,"086",14,28.6480178833008,50.2720832824707,1
2018-12-22 11:34:02,"086",14,28.648567199707,50.2678871154785,1
2018-12-22 11:37:28,"086",14,28.6527271270752,50.2612953186035,1
2018-12-22 11:38:34,"086",14,28.6536235809326,50.2608833312988,1
2018-12-22 11:49:47,"086",14,28.6687889099121,50.2522125244141,1
2018-12-22 11:53:08,"086",14,28.6768321990967,50.2489166259766,1
2018-12-22 11:55:23,"086",14,28.6824512481689,50.2461051940918,1
2018-12-22 11:55:25,"086",14,28.6824512481689,50.2461051940918,1
2018-12-22 11:55:48,"086",14,28.6840229034424,50.245246887207,1
2018-12-22 14:51:07,"537",17,28.6662292480469,50.2534217834473,1
2018-12-22 11:59:35,"086",14,28.6954555511475,50.238166809082,1
2018-12-22 12:03:05,"086",17,28.7024765014648,50.2429809570312,1
2018-12-22 12:17:46,"086",14,28.6869354248047,50.2657165527344,1
2018-12-22 12:19:10,"086",14,28.684045791626,50.264461517334,1
2018-12-22 12:29:17,"086",17,28.6679363250732,50.2575263977051,1
2018-12-22 12:31:17,"086",14,28.6617202758789,50.2561988830566,1
2018-12-22 12:31:23,"086",14,28.6617202758789,50.2561988830566,1
2018-12-22 14:51:10,"537",14,28.6662292480469,50.2534217834473,1
2018-12-22 12:35:18,"086",14,28.6570911407471,50.2566604614258,1
2018-12-22 16:48:14,"086",14,28.6664962768555,50.2532348632812,1
2018-12-22 16:51:21,"086",32,28.6739025115967,50.2497634887695,1
2018-12-22 16:59:05,"086",14,28.6922473907471,50.2401924133301,1
2018-12-22 17:04:56,"086",14,28.7025279998779,50.2438583374023,1
2018-12-22 17:05:26,"086",14,28.7026882171631,50.2454032897949,1
2018-12-22 14:51:32,"537",14,28.6662292480469,50.2534217834473,1
2018-12-22 17:05:27,"086",14,28.7026882171631,50.2454032897949,1
2018-12-22 17:13:01,"086",14,28.7029266357422,50.2618064880371,1
2018-12-22 17:13:18,"086",14,28.7027988433838,50.263542175293,1
2018-12-22 17:16:41,"086",14,28.6961326599121,50.2695693969727,1
2018-12-22 17:20:55,"086",14,28.6885643005371,50.2664222717285,1
2018-12-22 17:22:10,"086",14,28.6848163604736,50.2648544311523,1
2018-12-22 17:22:27,"086",14,28.6848163604736,50.2648544311523,1
2018-12-22 17:30:05,"086",14,28.6651973724365,50.2571029663086,1
2018-12-22 17:34:10,"086",32,28.6582813262939,50.2566261291504,1
2018-12-22 18:06:48,"086",14,28.6047554016113,50.2840843200684,1
2018-12-22 18:09:42,"086",17,28.6123294830322,50.2827339172363,1
2018-12-22 18:09:56,"086",14,28.6144275665283,50.2823333740234,1
2018-12-22 18:10:21,"086",14,28.6170101165771,50.2818756103516,1
2018-12-22 18:11:24,"086",14,28.6199226379395,50.2813568115234,1
2018-12-22 15:37:18,"537",14,28.6653594970703,50.2569694519043,1
2018-12-22 16:38:14,"537",14,28.6703605651855,50.2512321472168,1
2018-12-22 16:38:15,"537",14,28.6703605651855,50.2512321472168,1
2018-12-22 10:37:44,"086",14,28.6834526062012,50.2642707824707,1
2018-12-22 10:37:45,"086",14,28.6834526062012,50.2642707824707,1
2018-12-22 10:38:19,"086",14,28.6824359893799,50.2638282775879,1
2018-12-22 10:38:20,"086",14,28.6824359893799,50.2638282775879,1
2018-12-22 10:46:52,"086",14,28.6639747619629,50.2568168640137,1
2018-12-22 10:47:10,"086",14,28.663366317749,50.2566871643066,1
2018-12-22 10:47:27,"086",14,28.6631031036377,50.2566261291504,1
2018-12-22 10:50:21,"086",14,28.6595993041992,50.2569923400879,1
2018-12-22 10:50:32,"086",14,28.6595993041992,50.2569923400879,1
2018-12-22 10:50:34,"086",14,28.6595993041992,50.2569923400879,1
2018-12-22 10:50:35,"086",14,28.6595993041992,50.2569923400879,1
2018-12-22 10:50:37,"086",14,28.6595993041992,50.2569923400879,1
2018-12-22 10:50:38,"086",14,28.6595993041992,50.2569923400879,1
2018-12-22 10:50:39,"086",14,28.6595993041992,50.2569923400879,1
2018-12-22 10:50:41,"086",14,28.6595993041992,50.2569923400879,1
2018-12-22 10:53:08,"086",14,28.6558017730713,50.2581405639648,1
2018-12-22 10:53:13,"086",14,28.6558017730713,50.2581405639648,1
2018-12-22 10:55:38,"086",14,28.6516551971436,50.2617034912109,1
2018-12-22 10:55:44,"086",17,28.6508808135986,50.2620315551758,1
2018-12-22 10:55:45,"086",14,28.6508808135986,50.2620315551758,1
2018-12-22 11:21:07,"086",14,28.6099510192871,50.2831573486328,1
2018-12-22 13:41:26,"086",14,28.6874771118164,50.2434272766113,1
2018-12-22 13:52:09,"086",14,28.7032108306885,50.2519912719727,1
2018-12-22 13:52:10,"086",14,28.7032108306885,50.2519912719727,1
2018-12-22 13:55:32,"086",14,28.7030906677246,50.2589263916016,1
2018-12-22 16:14:54,"086",14,28.703067779541,50.2572059631348,1
2018-12-22 16:20:14,"086",32,28.6973323822021,50.2686653137207,1
2018-12-22 16:30:16,"086",14,28.6800346374512,50.2627563476562,1
2018-12-22 16:35:07,"086",17,28.6688747406006,50.257942199707,1
2018-12-22 16:46:09,"086",14,28.6610584259033,50.2548522949219,1
2018-12-22 16:46:14,"086",14,28.6611804962158,50.2544898986816,1
2018-12-22 19:51:51,"086",14,28.6287746429443,50.2796821594238,1
2018-12-22 19:56:22,"086",17,28.6466407775879,50.275821685791,1
2018-12-22 20:06:19,"086",14,28.6601219177246,50.2567291259766,1
2018-12-22 20:08:14,"086",14,28.6613845825195,50.2543716430664,1
2018-12-22 20:10:53,"086",14,28.6675758361816,50.2528762817383,1
2018-12-22 20:44:08,"086",14,28.6842555999756,50.2645988464355,1
2018-12-22 20:44:09,"086",14,28.6842555999756,50.2645988464355,1
2018-12-22 20:44:11,"086",14,28.6842555999756,50.2645988464355,1
2018-12-22 20:44:15,"086",14,28.6842555999756,50.2645988464355,1
2018-12-22 21:01:55,"086",14,28.6452083587646,50.2669143676758,0
2018-12-22 21:25:36,"086",17,28.6602554321289,50.2563095092773,1
2018-12-22 21:27:32,"086",14,28.6613540649414,50.2539253234863,1
2018-12-22 21:28:53,"086",14,28.666561126709,50.2534408569336,1
2018-12-22 21:29:03,"086",14,28.666561126709,50.2534408569336,1
2018-12-22 21:29:41,"086",14,28.668924331665,50.2521133422852,1
2018-12-22 21:30:42,"086",14,28.6720199584961,50.2505722045898,1
2018-12-22 06:36:17,"1268",14,28.6987075805664,50.2670097351074,1
2018-12-22 06:41:04,"1268",14,28.6901893615723,50.2671394348145,1
2018-12-22 12:43:04,"1268",17,28.6496963500977,50.2634811401367,1
2018-12-22 12:43:47,"1268",14,28.652286529541,50.2613677978516,1
2018-12-22 12:43:48,"1268",14,28.652286529541,50.2613677978516,1
2018-12-22 12:43:55,"1268",14,28.652286529541,50.2613677978516,1
2018-12-22 12:43:59,"1268",14,28.652286529541,50.2613677978516,1
2018-12-22 12:45:18,"1268",14,28.6543979644775,50.2598915100098,1
2018-12-22 13:01:40,"1268",14,28.6833782196045,50.2455596923828,1
2018-12-22 13:01:42,"1268",14,28.6833782196045,50.2455596923828,1
2018-12-22 13:06:38,"1268",14,28.6954803466797,50.2381057739258,1
2018-12-22 13:19:23,"1268",14,28.703031539917,50.260570526123,1
2018-12-22 13:19:24,"1268",14,28.703031539917,50.260570526123,1
2018-12-22 13:28:41,"1268",17,28.6836547851562,50.2643699645996,1
2018-12-22 13:32:59,"1268",17,28.6754302978516,50.2607765197754,1
2018-12-22 13:56:46,"1268",14,28.6322059631348,50.2793045043945,1
2018-12-22 13:57:05,"1268",14,28.6322059631348,50.2793045043945,1
2018-12-22 15:53:36,"093",14,28.6576728820801,50.2703742980957,0
2018-12-22 12:41:53,"086",14,28.6488952636719,50.266731262207,1
2018-12-22 13:05:04,"086",14,28.6033515930176,50.2843132019043,1
2018-12-22 13:24:26,"086",14,28.6558036804199,50.2581672668457,1
2018-12-22 13:25:58,"086",14,28.659065246582,50.2568168640137,1
2018-12-22 18:15:39,"086",14,28.6411018371582,50.277530670166,1
2018-12-22 18:40:41,"086",14,28.692798614502,50.2397918701172,1
2018-12-22 18:49:47,"086",14,28.7032508850098,50.2519569396973,1
2018-12-22 18:50:30,"086",14,28.7032566070557,50.2528266906738,1
2018-12-22 18:50:31,"086",14,28.7032566070557,50.2528266906738,1
2018-12-22 18:55:40,"086",14,28.6980361938477,50.2675018310547,1
2018-12-22 19:03:06,"086",14,28.6820163726807,50.2635917663574,1
2018-12-22 19:03:22,"086",14,28.6815567016602,50.2633972167969,1
2018-12-22 19:03:30,"086",14,28.6815567016602,50.2633972167969,1
2018-12-22 19:03:35,"086",14,28.6815567016602,50.2633972167969,1
2018-12-22 19:14:37,"086",14,28.6561965942383,50.2576446533203,1
2018-12-22 19:50:47,"086",14,28.6228809356689,50.2807388305664,1
2018-12-22 19:50:59,"086",14,28.6238994598389,50.2805442810059,1
2018-12-22 19:51:05,"086",14,28.6238994598389,50.2805442810059,1
2018-12-22 16:29:18,"093",14,28.6916351318359,50.267749786377,1
2018-12-22 16:30:19,"093",14,28.6896533966064,50.2668571472168,1
2018-12-22 16:31:58,"093",14,28.6855983734131,50.265209197998,1
2018-12-22 16:33:19,"093",14,28.6828994750977,50.2640151977539,1
2018-12-22 16:33:38,"093",17,28.6828994750977,50.2640151977539,1
2018-12-22 16:48:06,"093",14,28.6577796936035,50.268123626709,0
2018-12-22 18:27:11,"093",14,28.6566486358643,50.2939720153809,0
2018-12-22 18:35:09,"093",14,28.6639595031738,50.273193359375,0
2018-12-22 18:45:12,"093",14,28.6935653686523,50.2683868408203,1
2018-12-22 15:23:42,"1050",14,28.6834545135498,50.2454872131348,1
2018-12-22 15:23:48,"1050",14,28.6834545135498,50.2454872131348,1
2018-12-22 15:29:08,"1050",14,28.6980934143066,50.2376365661621,1
2018-12-22 15:29:17,"1050",14,28.699239730835,50.2378349304199,1
2018-12-22 15:31:11,"1050",14,28.7022075653076,50.2397804260254,1
2018-12-22 15:31:12,"1050",14,28.7022075653076,50.2397804260254,1
2018-12-22 15:48:24,"1050",17,28.6906127929688,50.2673263549805,1
2018-12-22 15:49:07,"1050",14,28.6869125366211,50.2657432556152,1
2018-12-22 15:52:21,"1050",14,28.6800308227539,50.2628631591797,1
2018-12-22 15:56:58,"1050",14,28.6680603027344,50.2576446533203,1
2018-12-22 15:58:14,"1050",14,28.6646957397461,50.2569389343262,1
2018-12-22 16:18:09,"1050",14,28.6292457580566,50.2798233032227,1
2018-12-22 18:23:26,"1050",14,28.681173324585,50.263313293457,1
2018-12-22 09:02:15,"1270",14,28.6598815917969,50.2570724487305,1
2018-12-22 09:02:16,"1270",14,28.6598815917969,50.2570724487305,1
2018-12-22 06:18:58,"1280",14,28.6997985839844,50.2662734985352,1
2018-12-22 15:57:14,"1280",14,28.6608600616455,50.2551612854004,1
2018-12-22 16:00:08,"1280",14,28.6669502258301,50.2531242370605,1
2018-12-22 16:05:49,"1280",14,28.6749305725098,50.2495307922363,1
2018-12-22 16:06:03,"1280",17,28.6749305725098,50.2495307922363,1
2018-12-22 16:07:41,"1280",14,28.6792316436768,50.2477722167969,1
2018-12-22 16:07:42,"1280",14,28.6792316436768,50.2477722167969,1
2018-12-22 16:19:13,"1280",14,28.702579498291,50.2439651489258,1
2018-12-22 16:22:34,"1280",14,28.7032222747803,50.2528991699219,1
2018-12-22 16:22:36,"1280",17,28.7032222747803,50.2528991699219,1
2018-12-22 16:23:20,"1280",14,28.7032241821289,50.2534446716309,1
2018-12-22 16:35:47,"1280",14,28.6856174468994,50.2651634216309,1
2018-12-22 16:41:41,"1280",14,28.6726665496826,50.2595596313477,1
2018-12-22 16:49:57,"1280",14,28.6571426391602,50.256420135498,1
2018-12-22 17:01:48,"1280",14,28.6400852203369,50.2778778076172,1
2018-12-22 17:03:28,"1280",14,28.6355457305908,50.2786445617676,1
2018-12-22 17:19:23,"1280",14,28.6021709442139,50.2844734191895,1
2018-12-22 17:33:02,"1280",14,28.6488399505615,50.2657737731934,1
2018-12-22 07:31:51,"107",14,28.650110244751,50.2623977661133,1
2018-12-22 07:31:55,"107",14,28.650110244751,50.2623977661133,1
2018-12-22 07:46:43,"107",17,28.6816558837891,50.2465629577637,1
2018-12-22 07:51:19,"107",14,28.6925773620605,50.2399139404297,1
2018-12-22 08:05:15,"107",14,28.6998500823975,50.2661972045898,1
2018-12-22 08:10:45,"107",14,28.6910667419434,50.2675094604492,1
2018-12-22 08:13:26,"107",17,28.6819515228271,50.2636528015137,1
2018-12-22 08:19:26,"107",14,28.6680030822754,50.257640838623,1
2018-12-22 08:20:05,"107",14,28.6649436950684,50.2569274902344,1
2018-12-22 08:20:09,"107",14,28.664213180542,50.2568473815918,1
2018-12-22 08:23:43,"107",17,28.6573066711426,50.256404876709,1
2018-12-22 09:01:05,"107",14,28.61745262146,50.2817497253418,1
2018-12-22 09:01:06,"107",14,28.61745262146,50.2817497253418,1
2018-12-22 09:06:57,"107",14,28.6407032012939,50.2775421142578,1
2018-12-22 14:43:41,"537",14,28.6537742614746,50.2607002258301,1
2018-12-22 14:46:37,"537",14,28.6598987579346,50.2570877075195,1
2018-12-22 15:00:35,"537",14,28.6864700317383,50.2439308166504,1
2018-12-22 15:10:40,"537",14,28.7033557891846,50.2496070861816,1
2018-12-22 15:17:35,"537",14,28.7027111053467,50.2637519836426,1
2018-12-22 15:17:45,"537",14,28.7027111053467,50.2637519836426,1
2018-12-22 15:27:36,"537",14,28.6853351593018,50.2650756835938,1
2018-12-22 15:35:22,"537",14,28.6689643859863,50.257999420166,1
2018-12-22 15:35:24,"537",14,28.6689643859863,50.257999420166,1
2018-12-22 15:35:36,"537",14,28.6689643859863,50.257999420166,1
2018-12-22 15:49:57,"537",14,28.6485404968262,50.2685546875,1
2018-12-22 16:15:59,"537",32,28.6310253143311,50.2793083190918,1
2018-12-22 16:43:25,"537",14,28.6828842163086,50.2457389831543,1
2018-12-22 07:32:04,"1268",14,28.632755279541,50.2790107727051,1
2018-12-22 12:43:09,"1268",14,28.6500663757324,50.2626800537109,1
2018-12-22 12:44:11,"1268",14,28.6530456542969,50.2610321044922,1
2018-12-22 12:45:25,"1268",14,28.655517578125,50.2585830688477,1
2018-12-22 12:51:16,"1268",14,28.6612281799316,50.2545204162598,1
2018-12-22 12:56:08,"1268",17,28.6708755493164,50.2510299682617,1
2018-12-22 12:56:10,"1268",17,28.6708755493164,50.2510299682617,1
2018-12-22 13:02:14,"1268",14,28.6849975585938,50.2447128295898,1
2018-12-22 13:11:54,"1268",17,28.7025756835938,50.2441062927246,1
2018-12-22 13:13:53,"1268",14,28.7033767700195,50.2492713928223,1
2018-12-22 13:14:08,"1268",17,28.7033767700195,50.2492713928223,1
2018-12-22 13:18:26,"1268",14,28.7031803131104,50.2585105895996,1
2018-12-22 13:18:27,"1268",14,28.7031803131104,50.2585105895996,1
2018-12-22 13:18:37,"1268",14,28.7031803131104,50.2585105895996,1
2018-12-22 13:18:59,"1268",14,28.7030601501465,50.2591018676758,1
2018-12-22 13:26:06,"1268",14,28.6896457672119,50.2668800354004,1
2018-12-22 13:39:54,"1268",14,28.6609210968018,50.2559967041016,1
2018-12-22 13:41:05,"1268",17,28.6597805023193,50.2571296691895,1
2018-12-22 13:41:07,"1268",14,28.6597805023193,50.2571296691895,1
2018-12-22 12:43:09,"086",14,28.648645401001,50.2679672241211,1
2018-12-22 12:44:30,"086",17,28.6483325958252,50.2703514099121,1
2018-12-22 12:50:37,"086",14,28.6357402801514,50.2785911560059,1
2018-12-22 13:06:16,"086",14,28.6091918945312,50.2832908630371,1
2018-12-22 13:07:05,"086",17,28.6120281219482,50.2827453613281,1
2018-12-22 13:07:10,"086",17,28.6120281219482,50.2827453613281,1
2018-12-22 13:14:06,"086",14,28.6380290985107,50.278148651123,1
2018-12-22 13:31:22,"086",14,28.661226272583,50.2547225952148,1
2018-12-22 13:31:24,"086",14,28.661226272583,50.2547225952148,1
2018-12-22 18:20:03,"086",14,28.6485424041748,50.267578125,1
2018-12-22 18:31:20,"086",14,28.6694183349609,50.2517852783203,1
2018-12-22 18:32:28,"086",14,28.6721458435059,50.2505340576172,1
2018-12-22 18:32:38,"086",14,28.6731376647949,50.2501754760742,1
2018-12-22 18:53:05,"086",14,28.703145980835,50.2587547302246,1
2018-12-22 18:53:06,"086",14,28.703145980835,50.2587547302246,1
2018-12-22 19:00:59,"086",14,28.6884536743164,50.2663612365723,1
2018-12-22 19:16:10,"086",17,28.6537857055664,50.2607536315918,1
2018-12-22 19:51:09,"086",14,28.6245422363281,50.2804298400879,1
2018-12-22 16:12:47,"093",17,28.686990737915,50.2656784057617,1
2018-12-22 16:30:42,"093",14,28.6879024505615,50.266170501709,1
2018-12-22 16:38:26,"093",14,28.6720161437988,50.2593193054199,1
2018-12-22 16:38:32,"093",14,28.6720161437988,50.2593193054199,1
2018-12-22 16:39:16,"093",14,28.6704120635986,50.2586097717285,1
2018-12-22 16:42:47,"093",14,28.6636428833008,50.2575531005859,0
2018-12-22 16:43:22,"093",14,28.66286277771,50.2585792541504,0
2018-12-22 16:43:27,"093",14,28.66286277771,50.2585792541504,0
2018-12-22 18:06:57,"093",14,28.656925201416,50.278377532959,0
2018-12-22 18:07:07,"093",32,28.6567325592041,50.2788696289062,0
2018-12-22 18:23:08,"093",14,28.6559600830078,50.2906227111816,0
2018-12-22 18:48:33,"093",14,28.7007617950439,50.2653884887695,1
2018-12-22 15:23:16,"1050",14,28.6820907592773,50.2462310791016,1
2018-12-22 15:23:31,"1050",14,28.6826515197754,50.245922088623,1
2018-12-22 08:59:10,"1270",14,28.6558933258057,50.2579956054688,1
2018-12-22 08:59:37,"1270",14,28.6569862365723,50.2566986083984,1
2018-12-22 09:07:26,"1270",14,28.6703662872314,50.2513618469238,1
2018-12-22 15:50:58,"1280",14,28.6525554656982,50.2612113952637,1
2018-12-22 15:57:57,"1280",14,28.6616134643555,50.2538299560547,1
2018-12-22 16:14:40,"1280",14,28.6975574493408,50.2375793457031,1
2018-12-22 16:36:05,"1280",14,28.683744430542,50.2643051147461,1
2018-12-22 16:47:44,"1280",14,28.6600551605225,50.256664276123,1
2018-12-22 16:54:43,"1280",14,28.6495895385742,50.2637901306152,1
2018-12-22 17:01:17,"1280",14,28.6410903930664,50.2778396606445,1
2018-12-22 17:21:59,"1280",14,28.6155223846436,50.282154083252,1
2018-12-22 17:22:57,"1280",14,28.6200008392334,50.2813262939453,1
2018-12-22 17:27:21,"1280",32,28.6405029296875,50.2777137756348,1
2018-12-22 07:33:21,"107",14,28.653772354126,50.2606658935547,1
2018-12-22 07:36:17,"107",17,28.6596565246582,50.2569770812988,1
2018-12-22 07:48:54,"107",14,28.686164855957,50.2440910339355,1
2018-12-22 07:49:24,"107",14,28.6879100799561,50.2430648803711,1
2018-12-22 07:57:26,"107",14,28.7031097412109,50.2472496032715,1
2018-12-22 08:11:15,"107",14,28.6887454986572,50.2665252685547,1
2018-12-22 08:35:23,"107",14,28.6399192810059,50.2778244018555,1
2018-12-22 08:35:25,"107",14,28.6399192810059,50.2778244018555,1
2018-12-22 08:42:35,"107",17,28.632022857666,50.2793121337891,1
2018-12-22 09:00:35,"107",14,28.613000869751,50.2825241088867,1
2018-12-22 09:02:48,"107",14,28.6231479644775,50.280704498291,1
2018-12-22 09:07:21,"107",17,28.6417503356934,50.2773475646973,1
2018-12-22 09:07:31,"107",17,28.6417503356934,50.2773475646973,1
2018-12-22 09:07:46,"107",17,28.6417503356934,50.2773475646973,1
2018-12-22 14:56:53,"537",14,28.6794662475586,50.2476959228516,1
2018-12-22 14:59:40,"537",17,28.6847190856934,50.2448692321777,1
2018-12-22 16:14:35,"537",14,28.6219577789307,50.2809524536133,1
2018-12-22 16:25:02,"537",14,28.6490745544434,50.2646293640137,1
2018-12-22 07:29:16,"1268",14,28.6216259002686,50.2809867858887,1
2018-12-22 07:29:27,"1268",14,28.6216259002686,50.2809867858887,1
2018-12-22 07:29:31,"1268",14,28.6216259002686,50.2809867858887,1
2018-12-22 12:58:30,"1268",14,28.6769065856934,50.2489051818848,1
2018-12-22 12:58:45,"1268",17,28.6769065856934,50.2489051818848,1
2018-12-22 13:07:21,"1268",17,28.6963577270508,50.2376937866211,1
2018-12-22 13:28:11,"1268",14,28.6841888427734,50.2645874023438,1
2018-12-22 13:28:20,"1268",17,28.6841888427734,50.2645874023438,1
2018-12-22 13:28:29,"1268",14,28.6841888427734,50.2645874023438,1
2018-12-22 12:37:30,"086",14,28.6541442871094,50.2604484558105,1
2018-12-22 12:37:48,"086",14,28.6539859771729,50.2606163024902,1
2018-12-22 12:39:10,"086",14,28.651683807373,50.2617607116699,1
2018-12-22 12:52:39,"086",28,28.6274662017822,50.2801055908203,1
2018-12-22 12:52:39,"086",24,28.6274662017822,50.2801055908203,1
2018-12-22 13:15:34,"086",14,28.6430072784424,50.2772254943848,1
2018-12-22 13:15:57,"086",14,28.6463966369629,50.276008605957,1
2018-12-22 13:30:32,"086",17,28.6609058380127,50.2553215026855,1
2018-12-22 13:30:39,"086",17,28.6609058380127,50.2553215026855,1
2018-12-22 13:31:00,"086",14,28.6610813140869,50.2550582885742,1
2018-12-22 18:21:22,"086",14,28.648796081543,50.2657890319824,1
2018-12-22 18:27:22,"086",17,28.6606063842773,50.2558670043945,1
2018-12-22 18:32:50,"086",14,28.6739082336426,50.2499122619629,1
2018-12-22 18:39:28,"086",14,28.6884136199951,50.2427711486816,1
2018-12-22 18:42:18,"086",14,28.6971302032471,50.2376327514648,1
2018-12-22 18:51:04,"086",14,28.7032508850098,50.2539291381836,1
2018-12-22 18:51:05,"086",14,28.7032508850098,50.2539291381836,1
2018-12-22 19:02:35,"086",14,28.6832408905029,50.2641258239746,1
2018-12-22 19:02:36,"086",14,28.6832408905029,50.2641258239746,1
2018-12-22 19:28:23,"086",14,28.6351737976074,50.278678894043,1
2018-12-22 16:36:08,"093",14,28.6761360168457,50.2610855102539,1
2018-12-22 16:36:09,"093",14,28.6761360168457,50.2610855102539,1
2018-12-22 16:41:34,"093",14,28.6674919128418,50.2573623657227,1
2018-12-22 18:07:37,"093",14,28.656307220459,50.2801322937012,0
2018-12-22 18:33:19,"093",14,28.6580448150635,50.2746276855469,0
2018-12-22 18:35:29,"093",14,28.6654491424561,50.2729339599609,0
2018-12-22 18:35:36,"093",14,28.6654491424561,50.2729339599609,0
2018-12-22 18:40:29,"093",17,28.6814613342285,50.2651786804199,0
2018-12-22 15:26:17,"1050",14,28.6887855529785,50.2424278259277,1
2018-12-22 15:26:21,"1050",17,28.6887855529785,50.2424278259277,1
2018-12-22 15:33:01,"1050",14,28.7026557922363,50.243106842041,1
2018-12-22 15:51:28,"1050",14,28.6819152832031,50.2636871337891,1
2018-12-22 15:54:52,"1050",14,28.6727085113525,50.2596397399902,1
2018-12-22 15:55:18,"1050",14,28.6715106964111,50.2591361999512,1
2018-12-22 15:55:20,"1050",14,28.6715106964111,50.2591361999512,1
2018-12-22 15:55:52,"1050",14,28.6696224212646,50.2582778930664,1
2018-12-22 15:56:00,"1050",14,28.6689891815186,50.2580795288086,1
2018-12-22 16:09:20,"1050",14,28.6487560272217,50.2671699523926,1
2018-12-22 16:09:22,"1050",14,28.6487560272217,50.2671699523926,1
2018-12-22 16:09:36,"1050",14,28.6486396789551,50.2680282592773,1
2018-12-22 06:37:48,"1280",14,28.6560764312744,50.2578010559082,1
2018-12-22 06:37:50,"1280",14,28.6560764312744,50.2578010559082,1
2018-12-22 16:11:15,"1280",14,28.6868915557861,50.2436904907227,1
2018-12-22 16:18:41,"1280",17,28.7023887634277,50.2424812316895,1
2018-12-22 16:39:16,"1280",14,28.6765747070312,50.2611961364746,1
2018-12-22 16:47:45,"1280",14,28.6597652435303,50.2571983337402,1
2018-12-22 17:00:07,"1280",14,28.6467037200928,50.275821685791,1
2018-12-22 17:27:02,"1280",14,28.6382732391357,50.2780570983887,1
2018-12-22 17:27:15,"1280",17,28.6382732391357,50.2780570983887,1
2018-12-22 07:27:45,"107",14,28.6482124328613,50.2696495056152,1
2018-12-22 07:28:02,"107",17,28.6482982635498,50.2690849304199,1
2018-12-22 07:30:21,"107",14,28.6487998962402,50.2650527954102,1
2018-12-22 07:33:03,"107",14,28.6534652709961,50.2608528137207,1
2018-12-22 07:34:19,"107",14,28.6559066772461,50.2579307556152,1
2018-12-22 07:40:09,"107",14,28.6633682250977,50.2536773681641,1
2018-12-22 07:59:39,"107",14,28.7033081054688,50.2527160644531,1
2018-12-22 08:11:24,"107",14,28.687442779541,50.2659645080566,1
2018-12-22 08:21:32,"107",14,28.6610298156738,50.2560424804688,1
2018-12-22 08:28:43,"107",14,28.6488456726074,50.2659912109375,1
2018-12-22 08:58:51,"107",14,28.6058654785156,50.2838325500488,1
2018-12-22 08:58:52,"107",14,28.6058654785156,50.2838325500488,1
2018-12-22 14:37:15,"537",14,28.6482563018799,50.2698020935059,1
2018-12-22 14:37:19,"537",14,28.6482563018799,50.2698020935059,1
2018-12-22 14:37:38,"537",17,28.6482563018799,50.2698020935059,1
2018-12-22 14:44:07,"537",14,28.6548347473145,50.2593078613281,1
2018-12-22 14:52:03,"537",14,28.6680526733398,50.2524909973145,1
2018-12-22 14:53:07,"537",17,28.6699504852295,50.2515869140625,1
2018-12-22 14:56:40,"537",14,28.6791400909424,50.2478561401367,1
2018-12-22 15:24:51,"537",14,28.6914978027344,50.267749786377,1
2018-12-22 15:25:24,"537",14,28.6893577575684,50.2667655944824,1
2018-12-22 15:28:26,"537",14,28.6833209991455,50.264217376709,1
2018-12-22 15:28:34,"537",14,28.6833209991455,50.264217376709,1
2018-12-22 15:28:45,"537",14,28.6833209991455,50.264217376709,1
2018-12-22 16:20:11,"537",14,28.6429710388184,50.2771797180176,1
2018-12-22 16:26:34,"537",14,28.6502914428711,50.2622718811035,1
2018-12-22 16:26:40,"537",14,28.6502914428711,50.2622718811035,1
2018-12-22 16:27:00,"537",14,28.6502914428711,50.2622718811035,1
2018-12-22 16:37:20,"537",14,28.6686630249023,50.252124786377,1
2018-12-22 16:37:31,"537",14,28.6686630249023,50.252124786377,1
2018-12-22 06:46:47,"1268",14,28.6718158721924,50.2592697143555,1
2018-12-22 07:28:55,"1268",14,28.6193695068359,50.2813987731934,1
2018-12-22 12:54:06,"1268",14,28.6660404205322,50.2535362243652,1
2018-12-22 12:54:11,"1268",14,28.6660404205322,50.2535362243652,1
2018-12-22 13:14:20,"1268",14,28.703369140625,50.2506942749023,1
2018-12-22 13:14:22,"1268",14,28.703369140625,50.2506942749023,1
2018-12-22 13:14:23,"1268",14,28.703369140625,50.2506942749023,1
2018-12-22 13:14:52,"1268",16,28.7033500671387,50.2514114379883,1
2018-12-22 13:17:47,"1268",14,28.7031478881836,50.2582054138184,1
2018-12-22 13:56:27,"1268",14,28.6334705352783,50.2790603637695,1
2018-12-22 14:07:26,"1268",14,28.594705581665,50.285758972168,1
2018-12-22 12:39:47,"086",14,28.6500797271729,50.2627944946289,1
2018-12-22 12:42:23,"086",14,28.648775100708,50.267333984375,1
2018-12-22 12:44:02,"086",14,28.6483402252197,50.2702560424805,1
2018-12-22 12:44:03,"086",14,28.6483402252197,50.2702560424805,1
2018-12-22 12:44:17,"086",14,28.6483402252197,50.2702560424805,1
2018-12-22 12:44:26,"086",14,28.6483402252197,50.2702560424805,1
2018-12-22 12:55:29,"086",14,28.61745262146,50.2818794250488,1
2018-12-22 13:06:02,"086",14,28.6083641052246,50.2834396362305,1
2018-12-22 13:07:00,"086",17,28.6115627288818,50.2828636169434,1
2018-12-22 13:14:23,"086",14,28.6400604248047,50.2777976989746,1
2018-12-22 13:14:56,"086",14,28.6421127319336,50.2773933410645,1
2018-12-22 13:15:04,"086",14,28.6421127319336,50.2773933410645,1
2018-12-22 13:17:13,"086",14,28.6480236053467,50.2717170715332,1
2018-12-22 13:17:16,"086",17,28.6480236053467,50.2717170715332,1
2018-12-22 13:21:34,"086",17,28.6497268676758,50.2634353637695,1
2018-12-22 13:21:45,"086",14,28.6497268676758,50.2634353637695,1
2018-12-22 13:22:31,"086",14,28.6520004272461,50.2615623474121,1
2018-12-22 13:24:52,"086",14,28.6569423675537,50.2567977905273,1
2018-12-22 13:34:08,"086",14,28.6672592163086,50.2531089782715,1
2018-12-22 18:38:09,"086",14,28.6862506866455,50.2440452575684,1
2018-12-22 18:46:27,"086",14,28.7023448944092,50.2429656982422,1
2018-12-22 19:02:13,"086",14,28.6846218109131,50.2647171020508,1
2018-12-22 19:05:20,"086",14,28.674825668335,50.2605094909668,1
2018-12-22 19:06:25,"086",14,28.6719360351562,50.2592697143555,1
2018-12-22 19:06:34,"086",14,28.6710376739502,50.2588844299316,1
2018-12-22 19:07:01,"086",17,28.6698150634766,50.2583503723145,1
2018-12-22 19:31:59,"086",14,28.6157455444336,50.2821502685547,1
2018-12-22 16:16:18,"093",14,28.6939506530762,50.2685317993164,1
2018-12-22 16:16:20,"093",14,28.6939506530762,50.2685317993164,1
2018-12-22 16:40:20,"093",14,28.6691799163818,50.2580986022949,1
2018-12-22 16:42:54,"093",14,28.6633605957031,50.257942199707,0
2018-12-22 16:48:27,"093",14,28.6576824188232,50.2687339782715,0
2018-12-22 16:48:29,"093",14,28.6576824188232,50.2687339782715,0
2018-12-22 18:38:58,"093",14,28.6787242889404,50.2684288024902,0
2018-12-22 18:38:59,"093",14,28.6787242889404,50.2684288024902,0
